Activision Blizzard
US00507V1098 
60,59
58,13 
0,00
0,00 

2,46
4,23 

02:00:00
03.03.2020 
4,12
8,43 
7,35
16,10 
15,60
41,71 

Adobe
US00724F1012 
360,28
345,12 
0,00
0,00 

15,16
4,39 

02:00:00
03.03.2020 
45,15
16,62 
58,00
22,41 
84,35
36,28 

Alexion Pharmaceuticals
US0153511094 
96,16
94,03 
0,00
0,00 

2,13
2,27 

02:00:00
03.03.2020 
-18,13
-17,62 
-7,22
-7,85 
-35,23
-29,35 

Align Technology
US0162551016 
230,22
218,35 
0,00
0,00 

11,87
5,44 

02:00:00
03.03.2020 
-53,91
-21,59 
30,08
18,16 
-34,27
-14,90 

Alphabet A (ex Google)
US02079K3059 
1.386,32
1.339,25 
0,00
0,00 

47,07
3,51 

02:00:00
03.03.2020 
50,80
4,37 
142,40
13,29 
210,92
21,04 

Alphabet C (ex Google)
US02079K1079 
1.389,11
1.339,33 
0,00
0,00 

49,78
3,72 

02:00:00
03.03.2020 
53,00
4,56 
150,00
14,07 
217,35
21,76 

Amazon
US0231351067 
1.953,95
1.883,75 
0,00
0,00 

70,20
3,73 

02:00:00
03.03.2020 
106,60
6,66 
105,00
6,55 
243,00
16,60 

AMD (Advanced Micro Devices) 
US0079031078 



-
- 


6,86
19,63 
13,51
47,72 
20,78
98,79 

American Airlines
US02376R1023 
18,86
19,05 
0,00
0,00 

-0,19
-1,00 

02:00:00
03.03.2020 
-9,30
-35,88 
-7,30
-30,52 
-14,10
-45,90 

Amgen
US0311621009 
212,20
199,73 
0,00
0,00 

12,47
6,24 

02:00:00
03.03.2020 
-30,71
-14,63 
-10,76
-5,66 
11,16
6,64 

Analog Devices
US0326541051 
111,27
109,05 
0,00
0,00 

2,22
2,04 

02:00:00
03.03.2020 
-3,62
-3,54 
-0,42
-0,42 
4,64
4,93 

Apple
US0378331005 
298,81
273,36 
0,00
0,00 

25,45
9,31 

02:00:00
03.03.2020 
20,10
8,39 
71,68
38,12 
107,20
70,30 

Applied Materials
US0382221051 
60,16
58,12 
0,00
0,00 

2,04
3,51 

02:00:00
03.03.2020 
1,45
2,84 
9,15
21,07 
18,94
56,32 

ASML
USN070592100 
287,49
276,71 
0,00
0,00 

10,78
3,90 

02:00:00
03.03.2020 
8,00
3,25 
54,00
27,00 
93,00
57,76 

Autodesk
US0527691069 
190,83
190,88 
0,00
0,00 

-0,05
-0,03 

02:00:00
03.03.2020 
9,74
6,13 
37,88
28,98 
24,58
17,07 

Automatic Data Processing
US0530151036 
163,00
154,74 
0,00
0,00 

8,26
5,34 

02:00:00
03.03.2020 
-12,76
-8,24 
-11,36
-7,40 
7,33
5,44 

Baidu.com
US0567521085 
120,77
119,98 
0,00
0,00 

0,79
0,66 

02:00:00
03.03.2020 
-0,40
-0,37 
13,00
13,68 
-35,41
-24,69 

Biogen
US09062X1037 
327,89
308,39 
0,00
0,00 

19,50
6,32 

02:00:00
03.03.2020 
25,70
9,71 
90,47
45,28 
-0,56
-0,19 

Biomarin Pharmaceutical
US09061G1013 
94,40
90,37 
0,00
0,00 

4,03
4,46 

02:00:00
03.03.2020 
9,70
13,46 
14,05
20,75 
-0,96
-1,16 

Broadcom
US11135F1012 
284,97
272,62 
0,00
0,00 

12,35
4,53 

02:00:00
03.03.2020 
-27,95
-9,94 
-3,35
-1,31 
15,32
6,44 

Cadence Design Systems
US1273871087 
68,36
66,14 
0,00
0,00 

2,22
3,36 

02:00:00
03.03.2020 
-1,42
-2,33 
-2,62
-4,22 
9,15
18,18 

Celgene
US1510201049 
97,75
97,65 
0,00
0,00 

0,10
0,10 

17:01:00
20.11.2019 
0,00
0,00 
9,56
10,84 
22,70
30,25 

Cerner
US1567821046 
72,55
69,27 
0,00
0,00 

3,28
4,74 

02:00:00
03.03.2020 
-0,54
-0,83 
2,13
3,42 
15,20
30,89 

Charter A
US16119P1084 
497,13
493,17 
0,00
0,00 

3,96
0,80 

02:00:00
03.03.2020 
23,45
5,54 
74,20
19,92 
143,02
47,10 

Check Point Software
IL0010824113 
104,12
103,80 
0,00
0,00 

0,32
0,31 

02:00:00
03.03.2020 
-15,04
-13,96 
-5,62
-5,72 
-14,26
-13,33 

Cintas
US1729081059 
279,60
266,74 
0,00
0,00 

12,86
4,82 

02:00:00
03.03.2020 
12,30
5,27 
2,90
1,20 
63,61
34,97 

Cisco
US17275R1023 
41,17
39,93 
0,00
0,00 

1,24
3,11 

02:00:00
03.03.2020 
-4,46
-10,99 
-6,38
-15,02 
-9,17
-20,26 

Citrix Systems
US1773761002 
108,78
103,39 
0,00
0,00 

5,39
5,21 

02:00:00
03.03.2020 
-6,46
-6,28 
12,32
14,65 
3,96
4,28 

Cognizant
US1924461023 
61,33
60,93 
0,00
0,00 

0,40
0,66 

02:00:00
03.03.2020 
-4,95
-8,56 
-3,12
-5,57 
-9,35
-15,02 

Comcast
US20030N1019 
42,52
40,43 
0,00
0,00 

2,09
5,17 

02:00:00
03.03.2020 
-2,93
-7,39 
-3,50
-8,70 
2,51
7,34 

Costco Wholesale
US22160K1051 
309,14
281,14 
0,00
0,00 

28,00
9,96 

02:00:00
03.03.2020 
4,15
1,53 
7,90
2,95 
83,56
43,57 

CSX
US1264081035 
70,75
70,45 
0,00
0,00 

0,30
0,43 

02:00:00
03.03.2020 
-1,87
-2,88 
2,53
4,18 
-0,99
-1,54 

Ctrip.com
US22943F1003 
30,00
0,00 
0,00
0,00 

0,00
0,00 

08:18:00
04.11.2019 
0,00
0,00 
0,80
2,74 
-1,00
-3,23 

DENTSPLY SIRONA
US24906P1093 
44,33
44,22 
44,33
44,33 

0,11
0,25 

09:13:00
03.03.2020 
-6,82
-13,35 
-2,80
-5,95 
2,22
5,27 

Dish Network
US25470M1099 
30,60
29,40 
30,60
30,60 

1,20
4,08 

08:19:00
03.03.2020 
-0,80
-2,65 
-1,04
-3,40 
0,94
3,30 

Dollar Tree
US2567461080 
84,56
83,03 
0,00
0,00 

1,53
1,84 

02:00:00
03.03.2020 
-7,37
-9,16 
-19,11
-20,72 
-11,41
-13,50 

eBay
US2786421030 
35,96
34,64 
0,00
0,00 

1,32
3,81 

02:00:00
03.03.2020 
0,00
0,00 
-4,93
-13,41 
-1,15
-3,49 

Electronic Arts
US2855121099 
106,89
101,37 
0,00
0,00 

5,52
5,45 

02:00:00
03.03.2020 
3,17
3,46 
9,56
11,20 
9,61
11,26 

Expedia
US30212P3038 
96,73
98,62 
0,00
0,00 

-1,89
-1,92 

02:00:00
03.03.2020 
-5,03
-5,57 
-32,53
-27,62 
-24,78
-22,52 

Facebook
US30303M1027 
196,44
192,47 
0,00
0,00 

3,97
2,06 

02:00:00
03.03.2020 
-6,66
-3,72 
3,60
2,13 
30,46
21,43 

Fastenal
US3119001044 
35,18
34,22 
0,00
0,00 

0,96
2,81 

02:00:00
03.03.2020 
-1,53
-4,70 
3,49
12,67 
3,29
11,86 

Fiserv
US3377381088 
114,23
109,36 
0,00
0,00 

4,87
4,45 

02:00:00
03.03.2020 
-7,07
-6,66 
0,68
0,69 
22,95
30,13 

Fox
US35137L1052 



-
- 


-4,68
-14,40 
-2,07
-6,91 
-
- 

Gilead Sciences
US3755581036 
75,40
69,36 
0,00
0,00 

6,04
8,71 

02:00:00
03.03.2020 
5,96
9,89 
8,63
14,99 
8,21
14,16 

Hasbro
US4180561072 
70,37
71,10 
70,37
70,37 

-0,73
-1,03 

08:18:00
03.03.2020 
-21,09
-22,88 
-28,92
-28,91 
-3,56
-4,77 

Henry Schein
US8064071025 
56,39
54,73 
56,39
56,39 

1,66
3,03 

08:19:00
03.03.2020 
-7,58
-12,17 
-0,74
-1,33 
2,93
5,66 

Hologic
US4364401012 
43,40
42,00 
43,40
43,40 

1,40
3,33 

09:13:00
03.03.2020 
-3,80
-8,30 
-2,29
-5,16 
0,81
1,97 

IDEXX Laboratories
US45168D1046 
261,99
254,51 
0,00
0,00 

7,48
2,94 

02:00:00
03.03.2020 
1,50
0,66 
-31,65
-12,10 
41,51
22,03 

Illumina
US4523271090 
278,28
265,67 
0,00
0,00 

12,61
4,75 

02:00:00
03.03.2020 
-44,90
-15,48 
-9,45
-3,71 
-32,09
-11,57 

Incyte
US45337C1027 
79,06
75,41 
0,00
0,00 

3,65
4,84 

02:00:00
03.03.2020 
-15,03
-17,76 
-5,08
-6,80 
-7,08
-9,23 


DAX-, TecDAX-, MDAX-, SDAX- und Eurostoxx-Kurse in Euro, Dow Jones, S&P 500 und Nasdaq 100 in Dollar

S

Intel
US4581401001 
58,18
55,52 
0,00
0,00 

2,66
4,79 

02:00:00
03.03.2020 
-1,33
-2,56 
7,81
18,25 
3,85
8,23 

Intuit
US4612021034 
281,18
265,85 
0,00
0,00 

15,33
5,77 

02:00:00
03.03.2020 
6,35
2,70 
-19,00
-7,29 
25,91
12,02 

Intuitive Surgical
US46120E6023 
559,07
533,96 
0,00
0,00 

25,11
4,70 

02:00:00
03.03.2020 
-34,20
-6,48 
26,10
5,59 
-0,26
-0,05 

J.B. Hunt Transportation Services
US4456581077 
86,00
86,50 
86,00
86,00 

-0,50
-0,58 

08:18:00
03.03.2020 
-18,50
-17,62 
-11,16
-11,43 
-8,42
-8,87 

JD.com
US47215P1066 
43,30
38,51 
0,00
0,00 

4,79
12,44 

02:00:00
03.03.2020 
10,50
36,33 
11,60
41,73 
13,79
53,85 

KLA-Tencor
US4824801009 
158,74
153,71 
0,00
0,00 

5,03
3,27 

02:00:00
03.03.2020 
-10,00
-6,69 
3,86
2,85 
37,74
37,10 

Lam Research
US5128071082 
300,33
293,43 
0,00
0,00 

6,90
2,35 

02:00:00
03.03.2020 
22,65
9,42 
72,11
37,77 
106,20
67,71 

Liberty Global
GB00B8W67B19 
19,03
18,59 
0,00
0,00 

0,44
2,37 

02:00:00
03.03.2020 
-2,70
-13,99 
-7,00
-29,66 
-5,60
-25,23 

Liberty Global A
GB00B8W67662 
19,92
19,52 
0,00
0,00 

0,40
2,05 

02:00:00
03.03.2020 
-2,79
-13,66 
-6,40
-26,65 
-5,40
-23,46 

Liberty Interactive A
US74915M1009 
5,80
6,05 
5,80
5,80 

-0,25
-4,13 

08:20:00
03.03.2020 
-2,50
-29,24 
-3,60
-37,31 
-9,72
-61,64 

Marriott
US5719032022 
122,96
124,00 
0,00
0,00 

-1,04
-0,84 

02:00:00
03.03.2020 
-17,06
-13,44 
-3,58
-3,16 
1,02
0,94 

Maxim Integrated Products
US57772K1016 
57,81
55,62 
0,00
0,00 

2,19
3,94 

02:00:00
03.03.2020 
-1,00
-1,94 
1,33
2,69 
2,69
5,63 

MercadoLibre
US58733R1023 
642,11
616,03 
0,00
0,00 

26,08
4,23 

02:00:00
03.03.2020 
55,90
10,97 
26,80
4,97 
163,40
40,63 

Microchip Technology
US5950171042 
95,22
90,71 
0,00
0,00 

4,51
4,97 

02:00:00
03.03.2020 
-2,28
-2,66 
4,50
5,70 
7,02
9,18 

Micron Technology
US5951121038 
54,59
52,56 
0,00
0,00 

2,03
3,86 

02:00:00
03.03.2020 
5,48
12,62 
7,99
19,54 
12,17
33,14 

Microsoft
US5949181045 
172,79
162,01 
0,00
0,00 

10,78
6,65 

02:00:00
03.03.2020 
14,70
10,85 
25,16
20,12 
51,46
52,11 

Mondelez
US6092071058 
55,60
52,80 
0,00
0,00 

2,80
5,30 

02:00:00
03.03.2020 
1,64
3,45 
-1,42
-2,80 
7,74
18,72 

Monster Beverage
US61174X1090 
64,77
62,41 
0,00
0,00 

2,36
3,78 

02:00:00
03.03.2020 
3,48
6,49 
3,81
7,15 
1,36
2,44 

Mylan
NL0011031208 
15,30
15,30 
15,30
15,30 

0,00
0,00 

08:18:00
03.03.2020 
-1,50
-8,93 
-2,02
-11,67 
-8,90
-36,78 

Netease
US64110W1027 
310,06
318,71 
0,00
0,00 

-8,65
-2,71 

02:00:00
03.03.2020 
-1,80
-0,63 
54,00
23,54 
87,95
45,01 

Netflix
US64110L1061 
381,05
369,03 
0,00
0,00 

12,02
3,26 

02:00:00
03.03.2020 
53,10
19,00 
67,55
25,49 
19,25
6,14 

NVIDIA
US67066G1040 
276,43
270,07 
0,00
0,00 

6,36
2,35 

02:00:00
03.03.2020 
53,01
27,92 
91,65
60,62 
106,01
77,47 

O Reilly Automotive
US67103H1077 
378,39
368,72 
0,00
0,00 

9,67
2,62 

02:00:00
03.03.2020 
-70,40
-17,42 
-14,25
-4,10 
9,15
2,82 

Paccar
US6937181088 
69,68
66,90 
0,00
0,00 

2,78
4,16 

02:00:00
03.03.2020 
-12,50
-17,12 
0,96
1,61 
1,22
2,06 

Paychex
US7043261079 
82,08
77,48 
0,00
0,00 

4,60
5,94 

02:00:00
03.03.2020 
-7,75
-9,91 
-4,20
-5,63 
3,23
4,81 

PayPal
US70450Y1038 
112,86
107,99 
0,00
0,00 

4,87
4,51 

02:00:00
03.03.2020 
2,29
2,39 
-1,13
-1,14 
11,30
13,04 

QUALCOMM
US7475251036 
80,56
78,30 
0,00
0,00 

2,26
2,89 

02:00:00
03.03.2020 
-3,93
-5,23 
0,60
0,85 
23,90
50,53 

Regeneron Pharmaceuticals
US75886F1075 
464,75
444,57 
0,00
0,00 

20,18
4,54 

02:00:00
03.03.2020 
73,00
21,86 
143,55
54,50 
27,28
7,19 

Ross Stores
US7782961038 
111,98
108,78 
0,00
0,00 

3,20
2,94 

02:00:00
03.03.2020 
-6,38
-6,06 
4,59
4,87 
14,86
17,69 

Seagate
IE00B58JVZ52 
44,71
44,00 
44,71
44,71 

0,71
1,61 

09:20:00
03.03.2020 
-9,68
-18,03 
-1,60
-3,51 
2,90
7,06 

Shire
US82481R1068 
155,20
0,00 
0,00
0,00 

0,00
0,00 

13:53:00
18.01.2019 
0,00
0,00 
0,00
0,00 
0,00
0,00 

Sirius XM
US82968B1035 
6,55
6,34 
0,00
0,00 

0,21
3,31 

02:00:00
03.03.2020 
-0,61
-9,51 
0,14
2,40 
0,53
10,19 

Skyworks Solutions
US83088M1027 
104,27
100,18 
0,00
0,00 

4,09
4,08 

02:00:00
03.03.2020 
2,35
2,65 
23,05
33,90 
18,85
26,11 

Starbucks
US8552441094 
82,38
78,43 
0,00
0,00 

3,95
5,04 

02:00:00
03.03.2020 
-3,30
-4,35 
-15,36
-17,45 
10,43
16,77 

Symantec
US8715031089 
21,22
20,74 
0,00
0,00 

0,48
2,31 

16:55:00
04.11.2019 
0,00
0,00 
0,10
0,47 
1,61
8,18 

Synopsys
US8716071076 
141,63
137,93 
0,00
0,00 

3,70
2,68 

02:00:00
03.03.2020 
1,08
0,88 
-5,42
-4,20 
33,17
36,69 

Take Two
US8740541094 
112,06
107,48 
0,00
0,00 

4,58
4,26 

02:00:00
03.03.2020 
-8,49
-7,89 
-21,43
-17,78 
21,59
27,85 

Tesla
US88160R1014 
743,62
667,99 
0,00
0,00 

75,63
11,32 

02:00:00
03.03.2020 
350,20
115,92 
446,95
217,65 
394,30
152,83 

Texas Instruments
US8825081040 
118,97
114,14 
0,00
0,00 

4,83
4,23 

02:00:00
03.03.2020 
-4,68
-4,28 
-8,22
-7,28 
11,49
12,33 

The Kraft Heinz Company
US5007541064 
26,07
24,77 
0,00
0,00 

1,30
5,25 

02:00:00
03.03.2020 
-4,81
-17,33 
-0,26
-1,10 
-5,48
-19,28 

T-Mobile US
US8725901040 
93,29
90,16 
0,00
0,00 

3,13
3,47 

02:00:00
03.03.2020 
11,61
16,33 
12,29
17,46 
20,43
32,81 

Ulta Beauty
US90384S3031 
260,99
257,09 
0,00
0,00 

3,90
1,52 

02:00:00
03.03.2020 
17,80
8,36 
19,05
9,00 
-45,07
-16,34 

Verisk Analytics A
US92345Y1064 
163,13
155,11 
0,00
0,00 

8,02
5,17 

02:00:00
03.03.2020 
5,86
4,39 
-6,34
-4,35 
28,96
26,24 

Vertex Pharmaceuticals
US92532F1003 
232,29
224,03 
0,00
0,00 

8,26
3,69 

02:00:00
03.03.2020 
6,65
3,36 
40,47
24,63 
38,25
22,97 

Vodafone Group
US92857W3088 
15,60
15,80 
15,60
15,60 

-0,20
-1,27 

08:13:00
03.03.2020 
-2,20
-12,22 
-1,30
-7,60 
0,30
1,94 

Walgreens Boots Alliance
US9314271084 
48,11
45,76 
0,00
0,00 

2,35
5,14 

02:00:00
03.03.2020 
-12,29
-22,78 
-4,98
-10,68 
-17,52
-29,60 

Western Digital
US9581021055 
60,04
55,56 
0,00
0,00 

4,48
8,06 

02:00:00
03.03.2020 
7,02
15,36 
0,80
1,54 
7,44
16,43 

Workday A
US98138H1014 
172,89
173,25 
0,00
0,00 

-0,36
-0,21 

02:00:00
03.03.2020 
6,08
3,95 
-0,36
-0,22 
-6,49
-3,90 

Wynn Resorts
US9831341071 
95,10
93,75 
95,10
95,10 

1,35
1,44 

09:13:00
03.03.2020 
-15,93
-14,52 
-5,79
-5,82 
-17,22
-15,52 

Xilinx
US9839191015 
84,61
83,49 
0,00
0,00 

1,12
1,34 

02:00:00
03.03.2020 
-5,98
-7,32 
-18,42
-19,56 
-35,01
-31,61 


DAX-, TecDAX-, MDAX-, SDAX- und Eurostoxx-Kurse in Euro, Dow Jones, S&P 500 und Nasdaq 100 in Dollar

Seite: 1 | 2
