Name 
ISIN 
Letzter 
Vortag 
Tief 
Hoch 

+/- 
% 

Zeit 
Datum 
+/- 3 Mon. 
% 3 Mon. 
+/- 6 Mon. 
% 6 Mon. 
+/- 1 Jahr 
% 1 Jahr 
1 Jahr 
Chart 
Aareal Bank
DE0005408116 
25,92
25,09 
25,51
26,17 

0,83
3,31 

11:43:00
03.03.2020 
-2,70
-9,72 
-0,92
-3,54 
-3,58
-12,49 

Airbus
NL0000235190 
111,94
107,50 
108,70
112,64 

4,44
4,13 

11:43:00
03.03.2020 
-22,40
-17,24 
-18,56
-14,72 
-6,62
-5,80 

alstria office REIT-AG
DE000A0LD2U1 
17,37
16,74 
16,90
17,44 

0,63
3,76 

11:41:00
03.03.2020 
0,14
0,84 
1,49
9,77 
3,43
25,77 

Aroundtown SA
LU1673108939 
7,84
7,77 
7,76
7,95 

0,07
0,93 

11:43:00
03.03.2020 
-0,07
-0,87 
0,45
6,12 
0,46
6,22 

Aurubis (ex Norddeutsche Affinerie)
DE0006766504 
44,54
42,78 
43,33
44,92 

1,76
4,11 

11:43:00
03.03.2020 
-0,72
-1,66 
2,85
7,14 
-5,19
-10,82 

Bechtle
DE0005158703 
124,40
118,80 
120,90
125,70 

5,60
4,71 

11:43:00
03.03.2020 
1,00
0,85 
28,80
32,00 
40,45
51,63 

Brenntag
DE000A1DAHH0 
41,13
40,00 
40,32
41,30 

1,13
2,83 

11:43:00
03.03.2020 
-7,39
-15,59 
-4,02
-9,13 
-4,26
-9,62 

CANCOM
DE0005419105 
46,64
44,30 
44,78
46,64 

2,34
5,28 

11:43:00
03.03.2020 
-8,15
-15,54 
-11,60
-20,75 
7,70
21,04 

Carl Zeiss Meditec
DE0005313704 
99,60
95,05 
95,55
99,75 

4,55
4,79 

11:42:00
03.03.2020 
-12,55
-11,66 
-11,65
-10,92 
19,45
25,73 

Commerzbank
DE000CBK1001 
5,14
5,00 
5,02
5,19 

0,14
2,78 

11:43:00
03.03.2020 
-0,17
-3,33 
-0,11
-2,06 
-2,37
-32,19 

CompuGroup Medical
DE0005437305 
59,95
56,60 
58,20
60,40 

3,35
5,92 

11:43:00
03.03.2020 
-4,10
-6,75 
4,20
8,02 
4,70
9,06 

CTS Eventim
DE0005470306 
50,10
46,74 
47,40
50,25 

3,36
7,19 

11:43:00
03.03.2020 
-8,11
-14,79 
-3,06
-6,14 
6,84
17,14 

Delivery Hero
DE000A2E4K43 
72,58
68,42 
69,50
72,72 

4,16
6,08 

11:43:00
03.03.2020 
-
- 
-
- 
-
- 

Deutsche Wohnen
DE000A0HN5C6 
37,06
36,50 
36,71
37,44 

0,56
1,53 

11:43:00
03.03.2020 
1,38
3,93 
5,02
15,95 
-4,15
-10,22 

Dialog Semiconductor
GB0059822006 
32,61
31,07 
31,42
32,75 

1,54
4,96 

11:43:00
03.03.2020 
-13,49
-30,27 
-11,92
-27,73 
4,19
15,59 

Dürr
DE0005565204 
26,72
25,24 
25,72
27,00 

1,48
5,86 

11:43:00
03.03.2020 
-2,16
-7,88 
2,57
11,34 
-11,26
-30,85 

Evonik
DE000EVNK013 
23,20
22,49 
22,65
23,31 

0,71
3,16 

11:43:00
03.03.2020 
-3,53
-13,57 
-0,59
-2,56 
-2,44
-9,79 

EVOTEC
DE0005664809 
23,46
22,30 
22,62
23,51 

1,16
5,20 

11:43:00
03.03.2020 
3,15
16,45 
2,90
14,95 
0,66
3,05 

Fraport
DE0005773303 
57,34
55,78 
55,76
57,42 

1,56
2,80 

11:43:00
03.03.2020 
-19,96
-26,35 
-20,76
-27,12 
-15,96
-22,25 

freenet
DE000A0Z2ZZ5 
18,44
17,71 
17,89
18,52 

0,73
4,09 

11:43:00
03.03.2020 
-2,90
-14,07 
0,03
0,14 
-1,66
-8,55 

FUCHS PETROLUB
DE0005790430 
35,90
34,68 
35,18
36,08 

1,22
3,52 

11:43:00
03.03.2020 
-3,78
-9,83 
2,92
9,19 
-4,38
-11,21 

GEA
DE0006602006 
24,54
23,96 
24,12
24,67 

0,58
2,42 

11:43:00
03.03.2020 
-5,14
-17,66 
-0,26
-1,07 
2,32
10,72 

Gerresheimer
DE000A0LD6E6 
66,50
66,15 
66,20
67,60 

0,35
0,53 

11:40:00
03.03.2020 
0,85
1,30 
-2,35
-3,43 
-1,80
-2,65 

Grand City Properties
LU0775917882 
22,06
21,46 
21,60
22,14 

0,60
2,80 

11:43:00
03.03.2020 
0,38
1,81 
1,22
6,07 
0,50
2,40 

GRENKE
DE000A161N30 
87,10
84,05 
84,35
87,25 

3,05
3,63 

11:43:00
03.03.2020 
0,80
0,96 
10,45
14,20 
-6,20
-6,87 

Hannover Rück
DE0008402215 
168,30
161,40 
163,70
168,40 

6,90
4,28 

11:43:00
03.03.2020 
-4,50
-2,71 
14,60
9,95 
29,90
22,74 

HELLA
DE000A13SX22 
37,88
36,66 
36,68
38,06 

1,22
3,33 

11:43:00
03.03.2020 
-
- 
-
- 
-
- 

HOCHTIEF
DE0006070006 
91,05
87,75 
88,65
91,30 

3,30
3,76 

11:43:00
03.03.2020 
-21,55
-19,72 
-10,75
-10,91 
-53,95
-38,07 

HUGO BOSS
DE000A1PHFF7 
39,46
38,78 
38,60
39,63 

0,68
1,75 

11:43:00
03.03.2020 
-2,75
-6,62 
-11,92
-23,51 
-27,80
-41,75 

K+S
DE000KSAG888 
7,37
7,16 
7,24
7,45 

0,21
2,93 

11:43:00
03.03.2020 
-3,19
-30,82 
-7,04
-49,56 
-9,64
-57,38 

KION GROUP
DE000KGX8881 
51,16
48,69 
48,29
51,52 

2,47
5,07 

11:43:00
03.03.2020 
-
- 
-
- 
-
- 

Knorr-Bremse
DE000KBX1006 
92,09
90,15 
90,44
92,25 

1,94
2,15 

11:43:00
03.03.2020 
2,50
2,86 
5,06
5,96 
0,60
0,67 

LANXESS
DE0005470405 
47,47
45,67 
45,95
47,67 

1,80
3,94 

11:43:00
03.03.2020 
-14,29
-23,83 
-8,31
-15,39 
-3,21
-6,57 

LEG Immobilien
DE000LEG1110 
111,45
109,60 
110,50
112,80 

1,85
1,69 

11:43:00
03.03.2020 
-
- 
-
- 
-
- 

METRO (St.)
DE000BFB0019 
10,71
10,42 
10,48
10,73 

0,30
2,83 

11:43:00
03.03.2020 
-4,15
-28,46 
-3,69
-26,13 
-4,25
-28,93 

MorphoSys
DE0006632003 
103,80
98,20 
99,85
104,10 

5,60
5,70 

11:42:00
03.03.2020 
-11,80
-10,73 
-9,10
-8,48 
6,20
6,74 

Nemetschek
DE0006452907 
59,35
55,90 
57,00
59,60 

3,45
6,17 

11:43:00
03.03.2020 
3,45
6,58 
9,24
19,80 
11,93
27,14 

OSRAM
DE000LED4000 
47,02
46,67 
46,62
47,26 

0,35
0,75 

11:43:00
03.03.2020 
-
- 
-
- 
-
- 

pbb
DE0008019001 
13,46
12,76 
12,96
13,49 

0,70
5,49 

11:43:00
03.03.2020 
-
- 
-
- 
-
- 

ProSiebenSat.1 Media
DE000PSM7770 
10,95
10,99 
10,92
11,14 

-0,04
-0,36 

11:43:00
03.03.2020 
-2,81
-20,37 
-1,02
-8,46 
-5,32
-32,61 

PUMA
DE0006969603 
70,45
68,05 
68,40
70,50 

2,40
3,53 

11:43:00
03.03.2020 
1,00
1,49 
-2,70
-3,82 
17,95
35,83 

QIAGEN
NL0012169213 
37,78
31,80 
37,52
38,75 

5,98
18,81 

11:43:00
03.03.2020 
-6,48
-16,93 
0,03
0,09 
-2,47
-7,21 

RATIONAL
DE0007010803 
622,50
607,00 
614,50
624,50 

15,50
2,55 

11:42:00
03.03.2020 
-75,00
-10,87 
-21,00
-3,30 
39,50
6,86 

Rheinmetall
DE0007030009 
86,56
84,20 
83,32
86,62 

2,36
2,80 

11:43:00
03.03.2020 
-11,32
-11,85 
-25,10
-22,96 
-19,15
-18,53 

Rocket Internet
DE000A12UKK6 
20,58
19,94 
20,12
20,60 

0,64
3,21 

11:39:00
03.03.2020 
-
- 
-
- 
-
- 

RTL
LU0061462528 
39,34
38,10 
38,40
39,54 

1,24
3,25 

11:43:00
03.03.2020 
-5,36
-12,23 
-3,92
-9,25 
-11,99
-23,77 

Sartorius vz.
DE0007165631 
220,80
207,60 
211,40
221,20 

13,20
6,36 

11:43:00
03.03.2020 
22,40
12,10 
24,60
13,44 
67,40
48,07 

Scout24
DE000A12DM80 
61,85
59,30 
60,00
62,15 

2,55
4,30 

11:43:00
03.03.2020 
3,40
6,02 
6,45
12,08 
13,53
29,21 

Siemens Healthineers
DE000SHL1006 
38,41
37,00 
37,42
38,43 

1,41
3,81 

11:43:00
03.03.2020 
-6,34
-14,62 
1,09
3,04 
1,00
2,78 

Siltronic
DE000WAF3001 
88,14
83,88 
84,78
88,42 

4,26
5,08 

11:43:00
03.03.2020 
10,62
14,50 
24,82
42,03 
-3,96
-4,51 


DAX-, TecDAX-, MDAX-, SDAX- und Eurostoxx-Kurse in Euro, Dow Jones, S&P 500 und Nasdaq 100 in Dollar




Software
DE000A2GS401 
30,45
29,25 
29,65
30,69 

1,20
4,10 

11:41:00
03.03.2020 
-0,60
-1,98 
5,51
22,79 
-3,07
-9,37 

Symrise
DE000SYM9999 
92,36
89,02 
89,52
92,50 

3,34
3,75 

11:43:00
03.03.2020 
2,04
2,35 
3,54
4,14 
10,90
13,95 

TAG Immobilien
DE0008303504 
22,34
21,90 
22,04
22,48 

0,44
2,01 

11:43:00
03.03.2020 
0,22
1,01 
0,72
3,40 
1,34
6,52 

TeamViewer
DE000A2YN900 
34,28
35,69 
33,73
37,23 

-1,41
-3,95 

11:43:00
03.03.2020 
11,19
43,39 
-
- 
-
- 

Telefonica Deutschland
DE000A1J5RX9 
2,40
2,37 
2,39
2,43 

0,03
1,05 

11:43:00
03.03.2020 
-0,37
-13,37 
0,07
2,86 
-0,53
-18,13 

thyssenkrupp
DE0007500001 
8,58
8,52 
8,43
8,68 

0,06
0,68 

11:43:00
03.03.2020 
-2,72
-24,18 
-2,52
-22,84 
-4,72
-35,63 

Uniper
DE000UNSE018 
28,46
28,06 
28,16
28,49 

0,40
1,43 

11:43:00
03.03.2020 
-
- 
-
- 
-
- 

United Internet
DE0005089031 
28,58
27,92 
28,27
28,78 

0,66
2,36 

11:42:00
03.03.2020 
-1,12
-3,86 
-1,10
-3,79 
-4,55
-14,01 

Varta
DE000A0TGJ55 
76,50
73,30 
75,10
78,30 

3,20
4,37 

11:42:00
03.03.2020 
-46,80
-38,81 
-1,60
-2,12 
38,48
108,95 

Zalando
DE000ZAL1111 
40,91
39,54 
40,00
41,23 

1,37
3,46 

11:43:00
03.03.2020 
-
- 
-
- 
-
- 



