3M
US88579Y1010 
153,02
149,24 
0,00
0,00 

3,78
2,53 

22:15:00
02.03.2020 
-17,58
-11,50 
-12,46
-8,43 
-47,41
-25,94 

American Express
US0258161092 
113,87
109,93 
0,00
0,00 

3,94
3,58 

22:15:00
02.03.2020 
-9,89
-9,05 
-9,73
-8,91 
3,96
4,15 

Apple
US0378331005 
298,81
273,36 
0,00
0,00 

25,45
9,31 

02:00:00
03.03.2020 
20,10
8,39 
71,68
38,12 
107,20
70,30 

Boeing
US0970231058 
289,27
275,11 
0,00
0,00 

14,16
5,15 

22:15:00
02.03.2020 
-71,65
-21,82 
-72,30
-21,98 
-132,74
-34,08 

Caterpillar
US1491231015 
127,60
124,24 
0,00
0,00 

3,36
2,70 

22:15:00
02.03.2020 
-19,16
-14,58 
3,96
3,66 
-8,72
-7,21 

Chevron
US1667641005 
96,59
93,34 
0,00
0,00 

3,25
3,48 

22:15:00
02.03.2020 
-21,40
-19,99 
-21,12
-19,78 
-19,98
-18,91 

Cisco
US17275R1023 
41,17
39,93 
0,00
0,00 

1,24
3,11 

02:00:00
03.03.2020 
-4,46
-10,99 
-6,38
-15,02 
-9,17
-20,26 

Coca-Cola
US1912161007 
55,92
53,49 
0,00
0,00 

2,43
4,54 

22:15:00
02.03.2020 
0,72
1,50 
-1,23
-2,45 
9,04
22,70 

DuPont de Nemours
US26614N1028 
40,28
39,23 
40,21
40,58 

1,05
2,68 

10:56:00
03.03.2020 
-20,16
-33,94 
-22,81
-36,76 
-53,28
-57,60 

ExxonMobil
US30231G1022 
53,88
51,44 
0,00
0,00 

2,44
4,74 

22:15:00
02.03.2020 
-15,06
-24,26 
-15,27
-24,52 
-22,64
-32,51 

Goldman Sachs
US38141G1040 
209,47
200,77 
0,00
0,00 

8,70
4,33 

22:15:00
02.03.2020 
-17,14
-8,64 
-5,16
-2,77 
7,05
4,05 

Home Depot
US4370761029 
229,94
217,84 
0,00
0,00 

12,10
5,55 

22:15:00
02.03.2020 
1,38
0,70 
-7,84
-3,79 
37,74
23,38 

IBM
US4592001014 
134,30
130,15 
0,00
0,00 

4,15
3,19 

22:15:00
02.03.2020 
-0,90
-0,75 
-4,65
-3,77 
-3,31
-2,71 

Intel
US4581401001 
58,18
55,52 
0,00
0,00 

2,66
4,79 

02:00:00
03.03.2020 
-1,33
-2,56 
7,81
18,25 
3,85
8,23 

Johnson Johnson
US4781601046 
140,02
134,48 
0,00
0,00 

5,54
4,12 

22:15:00
02.03.2020 
-1,42
-1,14 
5,72
4,89 
2,22
1,84 

JPMorgan Chase
US46625H1005 
121,52
116,11 
0,00
0,00 

5,41
4,66 

22:15:00
02.03.2020 
-12,70
-10,70 
5,80
5,79 
13,72
14,87 

McDonalds
US5801351017 
202,55
194,17 
0,00
0,00 

8,38
4,32 

22:15:00
02.03.2020 
1,72
0,98 
-21,02
-10,58 
15,38
9,48 

Merck
US58933Y1055 
81,37
76,56 
0,00
0,00 

4,81
6,28 

22:15:00
02.03.2020 
-7,60
-9,57 
-7,20
-9,11 
0,04
0,06 

Microsoft
US5949181045 
172,79
162,01 
0,00
0,00 

10,78
6,65 

02:00:00
03.03.2020 
14,70
10,85 
25,16
20,12 
51,46
52,11 

Nike
US6541061031 
92,68
89,38 
0,00
0,00 

3,30
3,69 

22:15:00
02.03.2020 
-2,87
-3,41 
4,08
5,29 
5,10
6,70 

Pfizer
US7170811035 
34,88
33,42 
0,00
0,00 

1,46
4,37 

22:15:00
02.03.2020 
-3,60
-10,40 
-1,40
-4,32 
-7,19
-18,83 

Procter Gamble
US7427181091 
119,56
113,23 
0,00
0,00 

6,33
5,59 

22:15:00
02.03.2020 
-5,20
-4,71 
-3,98
-3,65 
18,90
21,90 

Travelers
US89417E1091 
127,68
119,81 
0,00
0,00 

7,87
6,57 

22:15:00
02.03.2020 
-15,26
-12,38 
-24,58
-18,55 
-8,05
-6,94 

United Technologies
US9130171096 
134,07
130,59 
0,00
0,00 

3,48
2,66 

22:15:00
02.03.2020 
-17,08
-12,64 
-0,68
-0,57 
6,74
6,06 

UnitedHealth
US91324P1021 
273,11
254,96 
0,00
0,00 

18,15
7,12 

22:15:00
02.03.2020 
-23,00
-9,11 
17,15
8,07 
13,26
6,13 

Verizon
US92343V1044 
57,32
54,16 
0,00
0,00 

3,16
5,83 

22:15:00
02.03.2020 
-3,39
-6,26 
-2,44
-4,58 
0,56
1,11 

Visa
US92826C8394 
192,33
181,76 
0,00
0,00 

10,57
5,82 

22:15:00
02.03.2020 
5,08
3,10 
5,14
3,14 
37,64
28,68 

Walgreens Boots Alliance
US9314271084 
48,11
45,76 
0,00
0,00 

2,35
5,14 

02:00:00
03.03.2020 
-12,29
-22,78 
-4,98
-10,68 
-17,52
-29,60 

Walmart
US9311421039 
115,88
107,68 
0,00
0,00 

8,20
7,62 

22:15:00
02.03.2020 
-10,79
-10,13 
-8,51
-8,16 
8,21
9,38 

Walt Disney
US2546871060 
119,98
117,65 
0,00
0,00 

2,33
1,98 

22:15:00
02.03.2020 
-30,36
-22,38 
-20,08
-16,02 
5,75
5,78 


