ISIN 
Letzter 
Vortag 
Tief 
Hoch 

+/- 
% 

Zeit 
Datum 
+/- 3 Mon. 
% 3 Mon. 
+/- 6 Mon. 
% 6 Mon. 
+/- 1 Jahr 
% 1 Jahr 
1 Jahr 
Chart 
1&1 Drillisch
DE0005545503 
20,10
19,26 
19,40
20,10 

0,84
4,36 

11:42:00
03.03.2020 
-4,16
-17,76 
-5,52
-22,28 
-16,86
-46,68 

AIXTRON
DE000A0WMPJ6 
9,82
9,40 
9,45
9,90 

0,42
4,45 

11:43:00
03.03.2020 
1,14
13,75 
0,45
5,01 
1,65
21,30 

Bechtle
DE0005158703 
124,40
118,80 
120,90
125,70 

5,60
4,71 

11:43:00
03.03.2020 
1,00
0,85 
28,80
32,00 
40,45
51,63 

CANCOM
DE0005419105 
46,64
44,30 
44,78
46,64 

2,34
5,28 

11:43:00
03.03.2020 
-8,15
-15,54 
-11,60
-20,75 
7,70
21,04 

Carl Zeiss Meditec
DE0005313704 
99,60
95,05 
95,55
99,75 

4,55
4,79 

11:42:00
03.03.2020 
-12,55
-11,66 
-11,65
-10,92 
19,45
25,73 

CompuGroup Medical
DE0005437305 
59,95
56,60 
58,20
60,40 

3,35
5,92 

11:43:00
03.03.2020 
-4,10
-6,75 
4,20
8,02 
4,70
9,06 

Deutsche Telekom
DE0005557508 
15,02
14,74 
14,86
15,08 

0,29
1,94 

11:43:00
03.03.2020 
-0,17
-1,14 
-0,51
-3,37 
0,21
1,45 

Dialog Semiconductor
GB0059822006 
32,61
31,07 
31,42
32,75 

1,54
4,96 

11:43:00
03.03.2020 
-13,49
-30,27 
-11,92
-27,73 
4,19
15,59 

EVOTEC
DE0005664809 
23,46
22,30 
22,62
23,51 

1,16
5,20 

11:43:00
03.03.2020 
3,15
16,45 
2,90
14,95 
0,66
3,05 

freenet
DE000A0Z2ZZ5 
18,44
17,71 
17,89
18,52 

0,73
4,09 

11:43:00
03.03.2020 
-2,90
-14,07 
0,03
0,14 
-1,66
-8,55 

Infineon
DE0006231004 
19,34
18,62 
18,84
19,41 

0,73
3,91 

11:43:00
03.03.2020 
-0,45
-2,38 
3,02
19,38 
-1,04
-5,31 

JENOPTIK
DE000A2NB601 
21,88
21,02 
21,36
21,90 

0,86
4,09 

11:41:00
03.03.2020 
-5,16
-19,83 
-1,64
-7,29 
-11,76
-36,05 

MorphoSys
DE0006632003 
103,80
98,20 
99,85
104,10 

5,60
5,70 

11:42:00
03.03.2020 
-11,80
-10,73 
-9,10
-8,48 
6,20
6,74 

Nemetschek
DE0006452907 
59,35
55,90 
57,00
59,60 

3,45
6,17 

11:43:00
03.03.2020 
3,45
6,58 
9,24
19,80 
11,93
27,14 

New Work
DE000NWRK013 
240,00
231,00 
228,00
240,00 

9,00
3,90 

11:41:00
03.03.2020 
-59,00
-19,03 
-14,00
-5,28 
-54,00
-17,70 

Nordex
DE000A0D6554 
11,18
10,57 
10,80
11,23 

0,61
5,77 

11:38:00
03.03.2020 
-2,16
-16,97 
1,71
19,23 
-0,55
-4,90 

Pfeiffer Vacuum
DE0006916604 
140,70
135,60 
137,50
140,90 

5,10
3,76 

11:35:00
03.03.2020 
-19,90
-12,80 
-1,00
-0,73 
-1,60
-1,17 

QIAGEN
NL0012169213 
37,78
31,80 
37,52
38,75 

5,98
18,81 

11:43:00
03.03.2020 
-6,48
-16,93 
0,03
0,09 
-2,47
-7,21 

RIB Software
DE000A0Z2XN6 
28,80
28,66 
28,62
28,86 

0,14
0,49 

11:43:00
03.03.2020 
4,68
19,52 
9,00
45,78 
15,90
124,61 

S&T
AT0000A0E9W5 
21,12
19,97 
20,16
21,16 

1,15
5,76 

11:42:00
03.03.2020 
0,08
0,40 
1,14
6,00 
-1,56
-7,19 

SAP
DE0007164600 
114,40
111,00 
110,10
114,62 

3,40
3,06 

11:43:00
03.03.2020 
-8,44
-7,07 
2,64
2,44 
16,11
16,98 

Sartorius vz.
DE0007165631 
220,80
207,60 
211,40
221,20 

13,20
6,36 

11:43:00
03.03.2020 
22,40
12,10 
24,60
13,44 
67,40
48,07 

Siemens Healthineers
DE000SHL1006 
38,41
37,00 
37,42
38,43 

1,41
3,81 

11:43:00
03.03.2020 
-6,34
-14,62 
1,09
3,04 
1,00
2,78 

Siltronic
DE000WAF3001 
88,14
83,88 
84,78
88,42 

4,26
5,08 

11:43:00
03.03.2020 
10,62
14,50 
24,82
42,03 
-3,96
-4,51 

Software
DE000A2GS401 
30,45
29,25 
29,65
30,69 

1,20
4,10 

11:41:00
03.03.2020 
-0,60
-1,98 
5,51
22,79 
-3,07
-9,37 

TeamViewer
DE000A2YN900 
34,28
35,69 
33,73
37,23 

-1,41
-3,95 

11:43:00
03.03.2020 
11,19
43,39 
-
- 
-
- 

Telefonica Deutschland
DE000A1J5RX9 
2,40
2,37 
2,39
2,43 

0,03
1,05 

11:43:00
03.03.2020 
-0,37
-13,37 
0,07
2,86 
-0,53
-18,13 

United Internet
DE0005089031 
28,58
27,92 
28,27
28,78 

0,66
2,36 

11:42:00
03.03.2020 
-1,12
-3,86 
-1,10
-3,79 
-4,55
-14,01 

Varta
DE000A0TGJ55 
76,50
73,30 
75,10
78,30 

3,20
4,37 

11:42:00
03.03.2020 
-46,80
-38,81 
-1,60
-2,12 
38,48
108,95 

Wirecard
DE0007472060 
122,05
116,60 
119,80
122,50 

5,45
4,67 

11:43:00
03.03.2020 
0,45
0,39 
-27,60
-19,14 
-3,90
-3,24 


DAX-, TecDAX