Datum;Erster;Hoch;Tief;Schlusskurs;Stuecke;Volumen
2021-09-16;28,99;29,19;28,61;29,17;578.151;16.798.060
2021-09-15;29,01;29,22;28,64;28,89;598.367;17.315.814
2021-09-14;28,41;29,13;28,05;29,03;490.821;14.090.041
2021-09-13;29,96;30,00;28,44;28,49;596.373;17.157.245
2021-09-10;29,81;30,07;29,55;29,81;461.078;13.741.271
2021-09-09;29,79;29,90;29,25;29,62;389.538;11.542.549
2021-09-08;30,01;30,41;29,67;29,90;633.025;19.000.361
2021-09-07;29,15;30,12;29,00;30,12;909.069;27.177.228
2021-09-06;28,50;29,62;28,49;29,17;811.262;23.786.694
2021-09-03;27,89;28,46;27,75;28,25;397.029;11.172.525
2021-09-02;28,58;28,93;27,87;27,97;482.636;13.568.299
2021-09-01;28,30;28,74;28,05;28,65;442.032;12.592.700
2021-08-31;29,05;29,28;28,02;28,21;922.755;26.188.375
2021-08-30;28,82;30,00;28,59;29,41;833.846;24.581.878
2021-08-27;28,83;29,10;28,18;28,67;680.223;19.479.544
2021-08-26;27,58;28,97;27,15;28,75;676.983;19.215.555
2021-08-25;28,14;28,49;27,61;27,68;422.404;11.813.778
2021-08-24;27,61;28,29;27,61;28,08;482.759;13.542.398
2021-08-23;27,58;27,77;27,11;27,45;422.580;11.564.785
2021-08-20;27,62;27,80;26,98;27,43;433.843;11.853.955
2021-08-19;27,35;27,60;27,08;27,60;302.285;8.290.717
2021-08-18;28,18;28,30;27,75;27,75;316.875;8.826.442
2021-08-17;27,12;28,20;27,01;28,16;590.883;16.435.308
2021-08-16;28,10;28,13;27,27;27,31;349.770;9.624.422
2021-08-13;28,18;28,45;27,90;28,28;430.265;12.133.909
2021-08-12;27,79;28,15;27,31;28,10;628.542;17.491.181
2021-08-11;27,88;28,12;27,18;27,60;766.271;21.125.834
2021-08-10;26,83;28,28;26,61;27,70;1.293.157;35.765.253
2021-08-09;25,99;26,95;25,83;26,54;1.027.770;27.198.882
2021-08-06;26,80;27,13;25,85;25,96;851.224;22.339.646
2021-08-05;25,88;26,66;25,65;26,66;1.201.570;31.678.409
2021-08-04;25,85;25,95;25,10;25,76;1.811.706;46.323.340
2021-08-03;28,48;28,49;25,60;25,61;3.371.982;88.553.148
2021-08-02;28,40;28,72;28,05;28,49;633.887;18.039.936
2021-07-30;28,88;28,93;28,33;28,35;751.395;21.403.899
2021-07-29;29,44;29,80;29,18;29,29;441.514;12.993.964
2021-07-28;28,48;29,40;28,46;29,17;615.119;17.867.134
2021-07-27;28,40;29,02;28,28;28,58;308.241;8.819.617
2021-07-26;28,90;29,32;28,30;28,48;729.956;20.907.017
2021-07-23;29,45;29,80;29,12;29,25;649.242;19.063.871
2021-07-22;29,20;29,58;28,82;29,45;773.018;22.614.538
2021-07-21;29,11;29,36;28,85;29,07;433.762;12.623.527
2021-07-20;28,99;29,78;28,74;28,92;776.166;22.603.271
2021-07-19;29,27;29,27;28,21;28,76;728.942;20.906.074
2021-07-16;29,19;29,84;29,01;29,42;762.323;22.442.683
2021-07-15;30,10;30,33;28,51;28,94;868.478;25.322.713
2021-07-14;29,92;30,57;29,23;30,44;952.252;28.590.257
2021-07-13;28,84;29,95;28,54;29,88;1.363.790;40.397.391
2021-07-12;28,75;29,55;28,51;29,03;1.262.157;36.625.993
2021-07-09;27,88;29,04;27,38;28,12;1.820.401;51.651.521
2021-07-08;29,60;29,80;27,03;27,69;5.230.909;147.252.942
2021-07-07;32,13;32,69;31,64;32,30;594.915;19.227.566
2021-07-06;30,50;32,04;30,49;31,94;674.345;21.306.692
2021-07-05;31,03;31,13;30,46;30,52;656.904;20.151.747
2021-07-02;31,55;31,59;30,85;31,04;1.067.887;33.209.134
2021-07-01;31,95;32,30;31,20;31,65;479.178;15.166.023
2021-06-30;32,40;32,86;31,62;31,72;651.833;20.808.986
2021-06-29;32,18;32,90;32,12;32,18;545.009;17.648.944
2021-06-28;32,76;32,80;31,79;32,22;823.693;26.632.005
2021-06-25;33,80;33,94;33,32;33,59;421.877;14.178.307
2021-06-24;33,00;34,08;32,93;33,75;687.833;23.163.924
2021-06-23;33,59;33,88;32,95;32,95;385.321;12.820.347
2021-06-22;32,55;33,55;32,45;33,39;584.995;19.434.030
2021-06-21;33,73;33,74;32,64;32,84;736.986;24.332.077
2021-06-18;32,95;34,08;32,86;33,93;2.192.558;74.144.595
2021-06-17;32,40;33,03;32,07;32,75;1.115.561;36.382.764
2021-06-16;31,90;32,21;31,36;32,05;624.971;19.931.393
2021-06-15;32,67;32,92;31,91;31,91;935.990;30.208.248
2021-06-14;30,61;33,27;30,37;32,39;2.246.640;72.418.221
2021-06-11;30,30;30,72;30,13;30,60;463.369;14.139.104
2021-06-10;31,02;31,09;29,67;30,15;910.669;27.477.430
2021-06-09;29,95;30,80;29,29;30,79;1.140.151;34.423.377
2021-06-08;30,42;30,55;29,96;29,96;994.052;30.005.952
2021-06-07;31,15;31,30;30,35;30,79;501.881;15.423.834
2021-06-04;30,40;31,01;30,08;30,95;871.931;26.638.860
2021-06-03;31,11;31,18;30,23;30,33;678.159;20.713.775
2021-06-02;32,20;32,20;30,83;30,90;942.172;29.472.022
2021-06-01;32,37;32,53;31,84;31,95;732.755;23.516.100
2021-05-31;32,08;32,57;31,92;32,37;355.996;11.511.735
2021-05-28;32,71;32,72;31,82;32,17;698.834;22.541.201
2021-05-27;32,41;32,90;32,16;32,83;1.272.519;41.699.655
2021-05-26;31,83;32,75;31,58;32,45;734.263;23.793.346
2021-05-25;30,75;31,66;30,56;31,61;779.316;24.339.343
2021-05-21;31,40;31,51;30,82;30,82;715.282;22.185.449
2021-05-20;30,51;31,58;30,46;31,47;734.518;22.898.102
2021-05-19;30,70;30,72;29,95;30,49;838.898;25.502.151
2021-05-18;30,96;31,40;30,68;30,89;581.057;18.006.740
2021-05-17;31,00;31,47;30,90;30,93;690.168;21.442.133
2021-05-14;30,80;31,22;30,17;30,95;884.857;27.252.742
2021-05-13;31,13;31,25;30,09;30,51;1.561.900;47.830.506
2021-05-12;32,14;32,82;31,38;31,40;1.481.635;47.193.844
2021-05-11;33,01;33,16;30,70;31,85;2.261.781;71.519.185
2021-05-10;34,60;34,64;33,58;33,64;854.085;29.047.547
2021-05-07;33,24;34,68;33,06;34,52;1.267.072;43.175.815
2021-05-06;33,83;33,97;31,77;33,14;2.054.143;67.620.654
2021-05-05;35,44;36,68;33,25;34,08;2.520.317;86.452.715
2021-05-04;38,95;38,95;32,63;34,80;4.447.075;157.966.094
2021-05-03;39,96;40,36;39,60;39,70;515.479;20.532.060
2021-04-30;39,92;40,14;39,24;39,56;676.108;26.732.575
2021-04-29;39,93;41,18;39,58;39,71;717.402;28.930.941
2021-04-28;40,00;40,35;39,41;39,88;675.645;26.959.119
2021-04-27;39,29;40,91;39,25;40,03;1.050.063;42.236.404
2021-04-26;38,65;39,31;38,50;39,29;485.613;18.997.139
2021-04-23;38,15;38,58;37,83;38,37;595.066;22.776.286
2021-04-22;37,94;37,94;37,02;37,74;622.080;23.405.654
2021-04-21;37,69;37,91;36,76;37,88;410.343;15.423.788
2021-04-20;38,94;39,00;37,27;37,63;682.401;25.792.538
2021-04-19;38,81;39,46;38,51;38,85;501.215;19.543.182
2021-04-16;39,29;39,30;38,40;38,76;445.759;17.338.573
2021-04-15;38,90;39,70;38,50;39,30;459.840;18.063.644
2021-04-14;39,00;39,80;38,56;38,70;723.576;28.298.807
2021-04-13;37,40;39,08;37,35;38,82;786.808;30.283.439
2021-04-12;37,57;38,06;37,20;37,42;484.746;18.166.948
2021-04-09;37,41;38,02;37,20;37,49;605.966;22.778.706
2021-04-08;37,55;37,90;37,16;37,16;564.444;21.039.227
2021-04-07;37,04;37,59;36,85;37,33;427.185;15.935.375
2021-04-06;38,20;38,20;36,91;37,17;698.209;26.037.648
2021-04-01;36,74;37,90;36,58;37,57;802.752;30.074.614
2021-03-31;35,69;36,53;35,36;36,43;893.059;32.304.774
2021-03-30;36,60;37,10;35,46;35,64;1.008.845;36.192.501
2021-03-29;36,66;36,95;36,15;36,57;526.993;19.252.022
2021-03-26;35,99;37,01;35,53;36,41;899.652;32.786.703
2021-03-25;36,78;37,15;35,23;36,15;1.346.392;48.393.428
2021-03-24;38,31;38,47;36,73;36,73;1.289.254;48.081.727
2021-03-23;37,55;38,82;36,60;38,21;1.359.213;51.800.107
2021-03-22;37,89;38,22;35,70;37,68;2.482.440;91.723.229
2021-03-19;42,43;42,97;35,40;37,56;5.652.284;212.973.789
2021-03-18;43,20;44,04;42,37;42,86;518.663;22.418.931
2021-03-17;43,49;44,17;42,66;43,32;482.177;20.883.769
2021-03-16;42,69;43,80;42,50;43,41;363.229;15.750.047
2021-03-15;42,35;43,00;42,23;42,64;358.002;15.253.047
2021-03-12;42,99;42,99;41,96;42,32;453.927;19.217.613
2021-03-11;42,16;43,76;41,97;43,14;411.258;17.755.049
2021-03-10;43,17;43,67;41,81;42,09;743.595;31.513.869
2021-03-09;41,24;44,01;40,90;42,93;785.262;33.519.702
2021-03-08;42,34;42,90;39,21;41,24;1.037.651;42.477.565
2021-03-05;44,61;45,49;41,67;42,17;974.219;42.402.963
2021-03-04;45,82;46,37;44,41;44,91;798.359;35.972.780
2021-03-03;46,80;46,82;45,70;46,32;584.521;27.064.653
2021-03-02;45,11;48,13;45,04;46,70;833.508;39.014.566
2021-03-01;44,94;45,31;44,38;44,82;582.173;26.080.962
2021-02-26;44,15;45,06;44,00;44,50;1.397.162;62.195.340
2021-02-25;45,53;45,71;44,76;45,33;512.386;23.188.535
2021-02-24;45,80;46,46;44,55;45,04;704.282;31.923.406
2021-02-23;47,50;47,55;42,53;45,81;1.337.085;60.203.725
2021-02-22;48,64;48,87;47,39;47,51;560.748;26.795.460
2021-02-19;48,49;49,64;48,38;49,13;1.197.324;58.795.888
2021-02-18;48,77;49,00;48,09;48,45;894.827;43.337.065
2021-02-17;46,10;49,24;45,80;48,64;2.519.250;120.596.962
2021-02-16;46,83;47,47;46,50;46,50;545.590;25.574.576
2021-02-15;46,20;46,64;45,89;46,52;502.833;23.295.784
2021-02-12;45,40;46,00;45,23;45,68;583.567;26.659.167
2021-02-11;44,45;45,56;44,30;45,19;754.475;34.145.274
2021-02-10;44,40;45,76;43,58;44,17;1.097.896;48.909.454
2021-02-09;46,50;46,88;43,80;43,84;1.325.262;59.063.648
2021-02-08;45,30;45,93;44,90;45,81;457.490;20.846.384
2021-02-05;44,61;45,47;44,55;44,80;609.778;27.357.832
2021-02-04;45,00;45,78;44,11;44,27;556.457;24.849.769
2021-02-03;44,10;44,80;43,99;44,80;443.964;19.807.586
2021-02-02;43,21;44,60;42,75;44,20;527.312;23.139.566
2021-02-01;42,96;43,39;42,34;42,99;435.699;18.710.404
2021-01-29;43,07;43,82;41,94;42,71;773.230;33.186.104
2021-01-28;43,00;43,59;42,10;42,70;542.545;23.193.039
2021-01-27;42,53;44,00;41,01;43,54;951.519;41.077.289
2021-01-26;42,76;43,09;42,30;42,67;674.145;28.768.129
2021-01-25;43,20;43,80;42,25;42,87;540.198;23.202.061
2021-01-22;42,90;43,24;41,52;43,00;809.512;34.390.770
2021-01-21;43,95;44,87;42,55;43,00;670.802;28.951.076
2021-01-20;42,48;43,60;42,10;43,50;673.893;29.083.869
2021-01-19;41,70;42,86;40,81;42,00;695.006;29.228.009
2021-01-18;40,37;41,73;40,33;40,95;469.835;19.312.757
2021-01-15;41,50;41,70;39,11;40,33;1.166.177;46.979.905
2021-01-14;42,10;42,45;41,37;41,58;608.378;25.438.683
2021-01-13;42,00;42,67;41,15;41,93;617.853;25.929.148
2021-01-12;41,56;42,50;40,57;41,51;673.678;28.080.157
2021-01-11;43,13;43,88;40,36;40,80;1.058.627;43.960.434
2021-01-08;41,92;42,70;41,86;42,40;643.884;27.294.623
2021-01-07;42,77;42,95;41,04;41,36;731.099;30.416.802
2021-01-06;45,00;45,08;42,41;42,82;635.205;27.440.779
2021-01-05;44,01;46,15;44,00;44,85;685.983;31.038.128
2021-01-04;43,80;45,12;43,73;44,24;544.962;24.173.480
2020-12-30;43,30;43,96;43,02;43,83;150.463;6.585.512
2020-12-29;43,96;44,43;43,16;43,46;312.689;13.640.169
2020-12-28;44,07;44,49;43,56;43,81;337.888;14.846.713
2020-12-23;44,66;44,67;43,67;43,85;371.399;16.352.242
2020-12-22;43,89;44,78;43,63;44,30;353.224;15.672.000
2020-12-21;43,69;44,80;42,90;43,48;616.842;26.911.657
2020-12-18;43,42;44,26;43,25;43,75;1.458.043;63.727.982
2020-12-17;41,70;43,89;41,70;42,63;944.554;40.637.469
2020-12-16;41,60;41,98;40,72;41,35;511.509;21.178.222
2020-12-15;40,00;42,26;39,90;41,55;875.859;36.150.451
2020-12-14;39,00;39,89;38,63;39,80;508.970;20.086.110
2020-12-11;38,61;39,04;38,07;38,71;302.213;11.670.531
2020-12-10;38,23;38,62;37,79;38,52;484.507;18.621.025
2020-12-09;38,90;39,10;38,26;38,26;518.202;19.940.513
2020-12-08;38,49;38,90;38,31;38,50;478.526;18.458.952
2020-12-07;39,10;39,36;37,95;38,45;385.642;14.840.561
2020-12-04;38,68;39,46;38,59;39,00;454.103;17.722.825
2020-12-03;38,76;39,28;37,87;38,94;397.913;15.380.852
2020-12-02;39,45;39,77;37,95;38,43;602.772;23.162.732
2020-12-01;40,00;40,56;39,02;39,48;496.170;19.712.274
2020-11-30;39,50;40,00;39,31;39,93;1.112.207;44.349.140
2020-11-27;39,21;39,56;38,98;39,56;770.356;30.340.915
2020-11-26;39,32;39,90;39,06;39,12;427.701;16.791.442
2020-11-25;38,88;39,39;38,51;39,10;506.329;19.826.314
2020-11-24;39,93;39,93;38,74;39,02;555.704;21.763.309
2020-11-23;39,60;39,91;38,94;39,40;486.870;19.245.573
2020-11-20;38,37;39,52;37,99;39,52;606.903;23.734.174
2020-11-19;37,34;38,35;37,21;38,35;622.999;23.718.420
2020-11-18;37,50;37,71;36,88;37,71;639.009;23.973.087
2020-11-17;37,90;38,26;36,88;37,48;671.573;25.168.422
2020-11-16;40,00;40,06;37,47;37,90;859.914;32.959.925
2020-11-13;39,01;40,06;39,01;39,45;836.563;33.034.501
2020-11-12;39,55;39,96;38,41;39,08;1.017.283;39.935.346
2020-11-11;37,85;39,58;37,01;39,00;1.192.968;46.094.391
2020-11-10;35,50;39,33;32,55;37,16;3.125.169;113.016.348
2020-11-09;40,38;40,38;33,84;35,45;2.459.878;89.168.771
2020-11-06;38,80;39,37;38,14;38,90;491.180;18.989.578
2020-11-05;39,58;39,99;38,55;38,80;886.419;34.652.988
2020-11-04;36,40;38,62;36,10;38,10;845.419;32.010.354
2020-11-03;37,20;37,21;35,67;36,40;1.275.040;46.274.123
2020-11-02;38,14;38,22;37,13;37,15;676.709;25.268.601
2020-10-30;38,00;39,16;37,60;37,80;998.308;37.910.721
2020-10-29;39,32;39,62;37,33;38,31;741.751;28.396.396
2020-10-28;39,99;40,79;37,68;38,51;1.155.590;44.954.881
2020-10-27;40,07;40,69;39,47;40,26;884.264;35.587.012
2020-10-26;39,90;39,92;36,91;39,70;1.536.476;60.596.246
2020-10-23;41,32;41,78;40,15;40,19;1.590.647;64.510.717
2020-10-22;41,47;42,31;41,12;41,36;2.669.725;110.739.773
2020-10-21;42,24;42,40;40,80;41,56;1.646.790;68.471.769
2020-10-20;42,60;43,49;42,15;42,24;3.806.114;162.459.725
2020-10-19;46,00;46,28;45,62;46,09;373.701;17.195.683
2020-10-16;45,05;46,20;44,81;45,60;427.639;19.540.868
2020-10-15;44,76;45,60;44,25;44,67;633.271;28.323.048
2020-10-14;44,76;45,99;44,32;45,29;576.864;26.152.737
2020-10-13;44,20;45,00;43,70;44,36;669.456;29.800.961
2020-10-12;43,19;44,14;42,85;43,50;639.787;27.885.802
2020-10-09;40,87;43,03;40,80;42,86;650.754;27.541.490
2020-10-08;40,95;41,31;40,62;40,62;389.756;15.899.755
2020-10-07;41,93;42,15;40,67;40,71;486.802;19.907.129
2020-10-06;42,50;42,66;41,63;41,63;354.452;14.877.449
2020-10-05;41,60;42,30;41,27;42,08;486.204;20.376.090
2020-10-02;42,16;42,28;40,88;41,42;508.582;21.069.795
2020-10-01;42,10;42,63;41,35;42,37;556.504;23.417.727
2020-09-30;42,90;43,34;41,96;42,12;413.484;17.456.482
2020-09-29;42,88;43,46;42,30;42,95;242.199;10.365.402
2020-09-28;42,73;43,59;42,51;43,00;391.292;16.856.415
2020-09-25;41,85;42,60;41,01;42,60;444.339;18.723.577
2020-09-24;42,87;43,10;41,54;41,85;491.198;20.614.246
2020-09-23;43,50;44,06;42,82;43,18;530.223;22.934.569
2020-09-22;42,67;43,57;42,59;42,94;385.752;16.607.416
2020-09-21;42,46;43,28;41,20;42,23;495.577;20.894.239
2020-09-18;41,80;42,76;41,76;42,53;1.038.636;44.111.276
2020-09-17;41,09;41,23;40,40;41,13;291.474;11.938.674
2020-09-16;41,93;42,20;41,50;41,69;248.133;10.377.953
2020-09-15;41,50;42,23;41,50;41,61;311.999;12.993.226
2020-09-14;40,59;41,66;40,51;41,49;342.847;14.172.302
2020-09-11;41,13;41,42;39,99;40,43;374.842;15.207.448
2020-09-10;41,50;41,77;41,05;41,42;425.727;17.651.650
2020-09-09;40,36;41,77;40,02;41,48;471.254;19.403.601
2020-09-08;41,60;41,73;39,40;40,68;787.091;31.784.234
2020-09-07;40,63;41,89;40,43;41,50;492.425;20.449.327
2020-09-04;41,55;42,58;40,08;40,56;958.531;39.465.682
2020-09-03;44,50;44,90;41,60;41,60;977.283;41.365.321
2020-09-02;45,65;45,95;43,82;44,05;891.985;39.887.775
2020-09-01;46,28;46,91;45,05;45,05;740.713;33.966.283
2020-08-31;45,42;45,79;45,19;45,37;354.785;16.113.479
2020-08-28;45,20;45,36;44,06;45,28;310.668;13.971.520
2020-08-27;45,37;46,17;45,06;45,34;545.992;24.812.164
2020-08-26;44,12;45,10;44,03;45,10;293.861;13.152.518
2020-08-25;44,26;44,81;43,66;44,29;323.265;14.334.550
2020-08-24;45,26;46,04;44,07;44,14;478.891;21.499.009
2020-08-21;44,43;45,19;44,02;45,16;632.920;28.409.966
2020-08-20;43,47;44,52;42,90;44,21;409.511;18.042.990
2020-08-19;43,99;44,28;43,18;43,45;354.060;15.448.936
2020-08-18;44,87;44,87;43,71;44,21;302.360;13.351.183
2020-08-17;43,90;45,11;43,52;44,63;377.925;16.898.696
2020-08-14;44,40;44,58;43,29;44,05;507.653;22.308.431
2020-08-13;43,21;44,33;42,84;44,17;544.866;23.872.693
2020-08-12;42,50;43,36;42,01;43,36;537.472;23.071.616
2020-08-11;41,75;42,90;41,52;42,63;659.964;28.075.140
2020-08-10;43,00;43,00;41,39;41,63;678.295;28.497.170
2020-08-07;43,61;43,80;41,76;43,00;704.407;30.193.586
2020-08-06;44,20;44,80;43,52;43,71;539.000;23.770.096
2020-08-05;44,38;45,03;43,75;43,92;705.811;31.169.890
2020-08-04;47,88;48,50;43,44;43,45;1.578.494;70.375.710
2020-08-03;45,96;47,37;45,38;47,23;536.040;25.072.998
2020-07-31;44,38;46,46;44,38;45,75;595.290;27.231.263
2020-07-30;46,84;47,39;43,38;44,25;709.999;31.575.473
2020-07-29;46,20;47,34;46,02;46,69;334.623;15.635.983
2020-07-28;47,40;47,68;46,22;46,22;376.280;17.540.709
2020-07-27;46,20;47,72;45,91;46,91;376.239;17.657.185
2020-07-24;47,00;47,27;45,08;45,82;578.173;26.487.888
2020-07-23;48,70;48,74;47,45;47,83;683.611;32.775.186
2020-07-22;47,82;49,37;47,79;48,63;780.109;38.050.399
2020-07-21;48,69;49,25;47,76;47,80;695.753;33.689.995
2020-07-20;48,47;48,99;46,66;48,55;862.636;41.311.005
2020-07-17;48,02;49,38;47,40;48,94;889.419;43.244.962
2020-07-16;47,31;48,46;46,50;47,63;1.005.007;47.676.557
2020-07-15;50,98;51,24;43,20;46,65;2.203.322;104.779.746
2020-07-14;50,42;50,50;49,02;50,38;772.190;38.562.131
2020-07-13;52,00;52,74;51,12;51,44;457.477;23.721.724
2020-07-10;53,14;53,56;51,14;51,18;668.452;34.849.139
2020-07-09;52,28;54,86;51,76;53,62;695.339;37.460.662
2020-07-08;52,00;53,20;51,08;51,70;820.967;42.740.678
2020-07-07;51,66;52,06;50,56;51,86;528.906;27.223.072
2020-07-06;52,48;52,96;51,00;51,66;498.756;25.758.075
2020-07-03;51,20;52,32;51,08;51,48;434.531;22.480.082
2020-07-02;49,60;51,64;49,00;51,20;811.752;41.045.417
2020-07-01;48,80;49,47;48,25;49,47;440.183;21.613.062
2020-06-30;46,51;48,78;46,22;48,60;753.679;36.227.989
2020-06-29;47,83;47,83;45,01;45,86;726.566;33.521.222
2020-06-26;48,42;48,52;47,06;47,64;641.334;30.660.277
2020-06-25;47,60;48,77;46,74;48,09;709.783;33.979.475
2020-06-24;47,70;48,26;46,74;47,74;398.660;18.987.761
2020-06-23;47,70;48,36;46,63;47,62;507.581;24.164.333
2020-06-22;47,13;47,46;45,77;47,40;465.837;21.929.805
2020-06-19;47,19;47,88;46,81;47,44;1.497.136;71.080.690
2020-06-18;46,30;47,45;46,12;47,05;455.316;21.342.356
2020-06-17;45,40;46,50;45,17;46,31;622.856;28.681.924
2020-06-16;44,55;45,39;43,11;45,37;526.119;23.584.126
2020-06-15;42,27;44,30;41,93;43,46;652.342;28.263.999
2020-06-12;43,20;43,30;41,84;42,53;579.343;24.715.142
2020-06-11;43,89;44,80;43,35;43,55;451.758;19.805.200
2020-06-10;44,56;44,86;43,40;44,17;636.049;28.209.047
2020-06-09;43,41;45,00;42,825;44,015;735.675;32.186.517
2020-06-08;43,54;43,74;41,25;43,40;1.035.363;43.989.029
2020-06-05;45,40;45,40;43,255;43,525;1.273.152;56.071.523
2020-06-04;46,60;47,00;45,57;46,165;787.059;36.235.754
2020-06-03;48,225;48,495;46,435;46,635;878.848;41.430.040
2020-06-02;46,815;48,07;46,385;48,07;1.404.338;66.711.376
2020-05-29;44,29;45,94;43,13;45,755;12.431.312;567.837.553
2020-05-28;42,845;44,40;42,51;44,31;1.078.255;36.271.739
2020-05-27;44,88;45,15;41,53;42,42;1.874.812;79.728.323
2020-05-26;46,28;47,75;44,83;45,215;854.089;39.179.087
2020-05-25;45,76;46,04;45,16;45,885;729.469;33.366.613
2020-05-22;43,495;45,755;43,20;44,70;978.709;43.900.928
2020-05-21;43,72;44,36;43,445;43,75;435.210;19.070.867
2020-05-20;42,75;44,165;42,44;43,555;860.313;37.497.354
2020-05-19;42,45;42,55;40,90;42,55;1.235.822;51.771.048
2020-05-18;43,00;43,30;41,825;41,965;1.812.433;76.658.217
2020-05-15;42,30;42,655;41,255;42,425;974.081;41.010.913
2020-05-14;41,80;42,95;40,73;41,50;3.705.147;155.061.748
2020-05-13;43,775;45,65;42,94;45,16;1.030.966;46.002.681
2020-05-12;42,995;44,98;40,615;44,00;1.287.447;56.020.522
2020-05-11;43,285;44,195;42,485;43,00;923.214;39.822.771
2020-05-08;43,50;43,85;42,56;42,66;379.925;16.330.153
2020-05-07;43,87;44,80;42,54;43,26;626.657;27.361.613
2020-05-06;42,165;43,175;41,715;42,715;466.326;19.882.480
2020-05-05;40,90;41,53;40,50;41,53;494.094;20.320.476
2020-05-04;39,42;40,77;38,505;40,32;524.416;21.052.939
2020-04-30;40,00;40,51;37,235;39,60;747.889;29.559.559
2020-04-29;41,615;42,00;39,53;39,825;711.710;28.479.612
2020-04-28;42,36;43,28;41,00;41,34;436.902;18.220.160
2020-04-27;42,00;43,40;41,655;42,005;517.548;21.992.205
2020-04-24;41,41;42,175;40,77;41,635;356.132;14.784.614
2020-04-23;42,53;42,715;41,355;41,76;562.615;23.604.918
2020-04-22;39,745;42,58;39,50;42,175;700.587;29.191.552
2020-04-21;41,68;41,945;39,17;39,17;539.752;21.734.648
2020-04-20;40,135;41,955;40,02;41,875;541.240;22.219.803
2020-04-17;41,515;41,53;38,66;39,75;881.321;35.184.338
2020-04-16;39,705;41,09;38,745;40,945;613.401;24.911.823
2020-04-15;38,00;39,85;37,44;39,43;693.059;26.866.114
2020-04-14;37,74;38,305;37,25;38,305;626.729;23.826.380
2020-04-09;37,825;38,00;35,895;36,75;549.987;20.189.912
2020-04-08;35,00;37,65;34,97;37,60;623.917;22.951.252
2020-04-07;37,90;38,06;34,10;35,49;1.211.692;43.114.840
2020-04-06;40,08;40,40;36,86;37,135;739.570;28.128.670
2020-04-03;38,565;39,40;37,255;38,92;543.634;20.921.732
2020-04-02;37,235;38,75;35,905;38,395;529.738;19.808.562
2020-04-01;35,755;37,49;33,89;37,40;776.199;28.186.559
2020-03-31;37,14;38,66;35,62;36,39;810.464;30.234.387
2020-03-30;34,97;36,99;34,85;36,80;663.230;24.003.202
2020-03-27;33,93;34,59;33,44;34,50;565.978;19.311.213
2020-03-26;31,80;33,91;31,52;33,91;552.179;18.207.902
2020-03-25;33,20;33,25;30,00;31,70;772.612;24.387.471
2020-03-24;32,50;33,40;30,86;31,63;1.053.011;33.843.232
2020-03-23;29,75;30,64;28,62;29,51;782.679;23.388.786
2020-03-20;31,80;33,12;29,20;30,47;4.743.100;144.809.876
2020-03-19;27,00;30,47;25,85;29,56;979.638;28.094.541
2020-03-18;25,00;26,00;24,85;25,53;772.484;19.682.269
2020-03-17;27,85;27,91;24,01;24,81;715.240;18.228.917
2020-03-16;26,22;27,39;22,30;26,38;1.029.840;25.672.378
2020-03-13;27,00;27,90;25,30;26,01;732.364;19.407.784
2020-03-12;27,06;27,72;25,11;25,77;1.270.043;33.466.367
2020-03-11;29,30;30,07;28,96;29,24;839.149;24.704.583
2020-03-10;31,40;31,66;28,90;29,07;941.631;28.193.207
2020-03-09;30,40;31,82;29,36;31,09;1.128.764;34.880.031
2020-03-06;34,52;34,99;32,05;33,17;1.294.695;42.959.062
2020-03-05;34,50;35,32;34,27;35,02;1.221.096;42.628.738
2020-03-04;33,10;34,25;32,56;34,25;2.467.556;82.699.763
2020-03-03;37,06;37,23;33,30;34,94;1.616.498;56.207.053
2020-03-02;33,00;35,82;32,41;35,69;2.161.773;74.632.938
2020-02-28;28,91;32,40;28,74;32,15;1.586.568;49.514.290
2020-02-27;29,00;30,19;28,50;29,88;977.020;28.987.410
2020-02-26;28,41;29,52;28,27;29,10;664.679;19.176.011
2020-02-25;30,10;30,23;28,60;29,10;723.395;21.128.184
2020-02-24;29,00;30,30;27,15;30,01;1.244.391;36.582.429
2020-02-21;30,59;30,59;29,99;30,04;501.257;15.122.180
2020-02-20;31,56;31,60;30,58;30,60;440.799;13.616.826
2020-02-19;31,20;31,64;30,85;31,53;494.852;15.458.449
2020-02-18;31,45;31,76;31,07;31,18;423.692;13.273.020
2020-02-17;32,00;32,05;31,41;31,70;267.295;8.467.274
2020-02-14;32,30;32,49;31,62;31,92;401.062;12.829.015
2020-02-13;32,66;32,75;31,73;32,10;397.840;12.778.780
2020-02-12;32,50;32,94;32,33;32,38;452.735;14.746.316
2020-02-11;31,90;32,72;31,80;32,39;794.279;25.679.978
2020-02-10;32,40;32,55;29,26;31,74;1.802.374;55.958.568
2020-02-07;32,40;32,40;31,35;31,60;417.246;13.216.353
2020-02-06;32,90;32,94;31,71;31,90;596.551;19.137.298
2020-02-05;32,33;32,79;32,25;32,72;471.406;15.369.212
2020-02-04;32,20;32,99;32,10;32,76;381.743;12.453.910
2020-02-03;32,29;32,61;31,22;31,77;495.699;15.742.436
2020-01-31;32,60;33,02;32,02;32,41;541.266;17.658.856
2020-01-30;31,85;32,60;31,85;32,28;301.157;9.713.072
2020-01-29;31,77;32,62;31,77;32,32;310.694;10.033.741
2020-01-28;32,13;32,18;31,15;31,78;403.654;12.745.993
2020-01-27;32,40;32,65;31,70;31,95;237.329;7.607.063
2020-01-24;32,70;33,23;32,51;32,87;244.305;8.019.434
2020-01-23;32,99;33,04;32,06;32,19;317.071;10.319.270
2020-01-22;32,10;33,00;32,01;33,00;411.633;13.443.088
2020-01-21;31,50;32,05;31,27;32,05;414.992;13.165.753
2020-01-20;32,10;32,38;31,63;31,83;275.397;8.774.615
2020-01-17;32,48;32,63;32,00;32,00;343.763;11.089.658
2020-01-16;32,05;33,05;32,00;32,09;621.537;20.210.014
2020-01-15;30,76;31,91;30,68;31,80;631.394;19.951.838
2020-01-14;31,00;31,01;30,17;30,61;379.198;11.630.244
2020-01-13;31,31;32,85;30,85;30,93;503.673;15.951.539
2020-01-10;30,89;31,75;30,82;31,22;246.029;7.709.571
2020-01-09;30,45;30,82;29,86;30,63;408.300;12.384.420
2020-01-08;29,20;30,08;29,11;29,73;224.501;6.653.181
2020-01-07;29,81;30,00;28,92;29,53;534.573;15.771.980
2020-01-06;30,06;30,35;28,88;29,40;637.590;18.812.946
2020-01-03;31,35;31,52;30,19;30,51;533.744;16.355.003
2020-01-02;32,02;32,10;31,12;31,33;487.318;15.398.303
2019-12-30;33,00;33,15;31,60;31,88;372.699;11.973.747
2019-12-27;31,51;32,99;31,51;32,65;489.589;15.898.914
2019-12-23;30,35;31,36;30,30;30,99;320.222;9.927.028
2019-12-20;29,90;30,56;29,69;30,27;1.862.880;56.372.248
2019-12-19;30,00;30,10;29,40;29,90;280.605;8.363.485
2019-12-18;29,50;29,99;29,35;29,79;377.597;11.244.987
2019-12-17;29,20;29,59;29,03;29,46;360.412;10.554.552
2019-12-16;28,90;29,05;28,70;29,05;326.151;9.431.540
2019-12-13;29,04;29,10;28,48;28,54;234.672;6.750.878
2019-12-12;29,20;29,25;28,41;28,80;370.970;10.723.046
2019-12-11;28,08;29,44;28,05;28,89;806.963;23.318.852
2019-12-10;27,26;27,95;27,10;27,95;581.495;16.015.950
2019-12-09;26,70;27,11;26,55;27,11;501.930;13.535.315
2019-12-06;26,00;26,30;25,92;26,28;319.641;8.346.378
2019-12-05;26,30;26,30;25,82;25,89;318.537;8.274.959
2019-12-04;25,57;26,02;25,36;26,02;290.654;7.527.199
2019-12-03;25,90;25,98;25,02;25,28;299.867;7.645.539
2019-12-02;26,18;26,20;25,40;25,47;273.553;7.069.844
2019-11-29;25,98;25,99;25,67;25,93;280.858;7.268.122
2019-11-28;25,95;26,03;25,77;25,90;201.435;5.218.359
2019-11-27;25,50;25,82;25,35;25,75;272.377;6.976.445
2019-11-26;25,45;25,48;24,93;25,21;184.461;4.646.430
2019-11-25;25,09;25,45;25,05;25,26;135.850;3.429.600
2019-11-22;24,77;25,51;24,67;25,03;143.080;3.598.432
2019-11-21;24,66;24,85;24,24;24,67;188.285;4.628.785
2019-11-20;25,56;25,66;24,33;24,58;243.424;6.054.295
2019-11-19;25,10;25,65;24,88;25,50;324.870;8.230.296
2019-11-18;26,16;26,16;24,85;24,86;272.835;6.882.329
2019-11-15;25,92;26,36;25,83;26,00;223.758;5.831.418
2019-11-14;26,81;26,84;25,71;25,80;291.119;7.604.866
2019-11-13;26,93;27,48;26,38;26,65;416.513;11.139.541
2019-11-12;26,53;26,90;26,32;26,57;612.892;16.295.073
2019-11-11;26,00;27,00;25,61;26,00;874.746;22.944.044
2019-11-08;25,09;25,41;24,82;25,10;86.413;2.168.240
2019-11-07;24,69;25,10;24,55;25,00;132.811;3.310.542
2019-11-06;24,61;24,78;24,22;24,55;181.031;4.430.065
2019-11-05;24,76;24,76;24,22;24,31;176.676;4.328.478
2019-11-04;24,90;24,90;24,30;24,71;280.970;6.944.077
2019-11-01;23,80;24,40;23,62;24,21;93.541;2.255.683
2019-10-31;23,79;23,80;23,55;23,66;138.677;3.281.600
2019-10-30;23,62;23,75;23,45;23,56;86.349;2.036.766
2019-10-29;23,07;23,58;23,07;23,50;108.422;2.545.717
2019-10-28;22,79;23,23;22,72;23,15;85.530;1.968.691
2019-10-25;23,00;23,09;22,53;22,53;99.781;2.272.358
2019-10-24;23,53;23,60;22,52;23,05;237.558;5.458.073
2019-10-23;23,88;24,00;23,49;23,49;104.284;2.460.888
2019-10-22;24,20;24,28;23,80;23,85;95.655;2.295.853
2019-10-21;24,38;24,40;23,93;23,93;50.613;1.217.329
2019-10-18;24,18;24,46;23,95;24,10;90.700;2.189.217
2019-10-17;24,36;24,69;24,16;24,16;114.000;2.779.321
2019-10-16;24,25;24,50;24,22;24,30;74.628;1.815.044
2019-10-15;23,96;24,31;23,90;24,17;122.309;2.955.281
2019-10-14;23,46;23,80;23,25;23,76;192.768;4.540.670
2019-10-11;22,65;23,66;22,62;23,20;409.729;9.539.719
2019-10-10;22,27;22,43;21,91;22,40;313.813;6.987.033
2019-10-09;22,61;22,89;21,38;21,80;513.059;11.235.185
2019-10-08;23,63;23,89;22,75;22,75;517.849;11.887.705
2019-10-07;24,75;25,16;23,57;23,75;603.631;14.479.510
2019-10-04;25,14;25,40;24,40;24,57;620.494;15.350.262
2019-10-02;25,70;25,70;24,85;25,03;874.664;22.053.128
2019-10-01;24,96;25,70;24,86;25,50;988.476;25.038.024
2019-09-30;24,49;24,70;24,17;24,69;1.072.712;26.303.464
2019-09-27;23,60;24,78;22,91;24,10;2.314.464;55.689.776
2019-09-26;25,21;25,39;23,35;23,42;4.793.818;115.977.072
2019-09-25;26,25;26,71;24,80;25,30;20.379.644;523.572.992





