Datum;Erster;Hoch;Tief;Schlusskurs;Stuecke;;
2018-10-29;147,00;148,70;144,60;146,85;1.114.261;163.675.536;
2018-10-30;145,75;148,15;143,80;145,80;1.240.556;181.480.736;
2018-10-31;146,30;146,30;140,30;144,85;15.944.353;2.306.440.704;
2018-11-01;145,05;146,50;142,60;142,60;2.288.129;329.509.024;
2018-11-02;143,00;143,60;137,45;137,45;2.897.251;404.371.648;
2018-11-05;137,45;140,85;137,35;139,80;1.648.951;229.466.752;
2018-11-06;141,60;143,10;140,60;142,70;1.533.868;218.120.112;
2018-11-07;144,25;145,40;142,95;143,80;1.499.118;215.765.568;
2018-11-08;144,90;144,90;142,30;143,00;1.340.667;192.181.968;
2018-11-09;144,10;144,75;142,35;143,50;1.188.011;170.415.264;
2018-11-12;143,60;144,85;140,70;142,95;1.111.236;158.589.824;
2018-11-13;143,80;144,10;139,15;140,80;1.226.476;173.137.312;
2018-11-14;138,15;140,35;135,95;136,05;1.064.289;145.968.480;
2018-11-15;137,00;139,80;134,75;135,70;1.509.252;206.543.984;
2018-11-16;136,45;136,75;133,60;136,00;1.354.404;183.409.840;
2018-11-19;137,60;140,90;137,40;139,30;990.163;137.821.184;
2018-11-20;138,10;139,95;137,25;138,65;963.581;133.595.968;
2018-11-21;139,20;141,20;138,75;141,10;870.469;122.107.240;
2018-11-22;139,70;141,30;138,30;138,30;640.982;89.194.752;
2018-11-23;138,05;139,35;137,30;138,95;503.097;69.604.272;
2018-11-26;139,70;140,20;137,90;138,80;829.378;115.107.616;
2018-11-27;139,05;139,05;135,00;135,15;980.197;133.382.680;
2018-11-28;135,15;136,60;134,20;134,70;854.122;115.445.280;
2018-11-29;135,90;137,25;135,70;136,45;1.120.929;153.055.280;
2018-11-30;139,50;141,70;137,25;140,50;1.415.947;197.836.256;
2018-12-03;143,00;143,40;140,85;141,10;1.070.970;151.823.072;
2018-12-04;143,40;144,90;142,50;144,00;1.126.230;161.882.064;
2018-12-05;142,50;143,60;141,85;142,35;593.014;84.553.488;
2018-12-06;141,15;141,55;135,05;135,25;1.434.668;196.026.880;
2018-12-07;136,95;139,10;134,75;136,20;994.271;135.865.280;
2018-12-10;134,90;137,45;132,45;136,30;1.204.535;163.845.712;
2018-12-11;138,20;143,50;137,75;141,80;1.334.402;188.481.744;
2018-12-12;141,30;143,60;140,50;140,50;1.094.601;154.748.288;
2018-12-13;140,55;142,30;139,25;139,70;674.530;94.639.960;
2018-12-14;136,90;140,65;136,25;139,30;871.591;121.013.904;
2018-12-17;138,95;141,70;137,20;139,95;909.084;127.101.000;
2018-12-18;139,70;141,15;137,80;138,40;1.123.796;155.947.408;
2018-12-19;138,90;139,75;137,20;137,40;947.227;130.562.520;
2018-12-20;135,40;136,75;134,45;136,05;1.088.798;148.021.312;
2018-12-21;135,75;138,15;130,75;137,45;10.733.083;1.470.625.536;
2018-12-27;135,65;136,20;132,45;134,00;1.121.878;150.532.176;
2018-12-28;135,05;139,00;134,70;138,55;593.728;81.940.808;
2019-01-02;135,10;138,50;134,40;137,80;882.404;120.438.680;
2019-01-03;136,10;136,95;133,35;133,75;846.048;113.926.968;
2019-01-04;135,35;136,45;133,70;135,55;1.347.263;182.701.424;
2019-01-07;137,45;137,45;134,80;136,70;700.042;95.352.408;
2019-01-08;137,05;137,60;135,15;135,70;853.632;116.369.344;
2019-01-09;137,10;137,60;135,70;136,75;1.214.963;166.114.880;
2019-01-10;136,70;139,05;135,55;139,00;697.129;96.229.480;
2019-01-11;140,10;140,70;138,85;139,60;893.594;124.743.192;
2019-01-14;138,35;139,35;137,80;138,35;642.285;88.872.160;
2019-01-15;139,00;139,70;136,65;137,60;580.908;79.887.440;
2019-01-16;138,50;139,20;136,35;138,15;737.010;101.587.976;
2019-01-17;136,95;138,40;136,00;138,20;672.106;92.491.744;
2019-01-18;138,05;141,25;136,90;141,25;1.445.215;200.934.848;
2019-01-21;140,45;141,35;139,80;140,00;443.440;62.249.904;
2019-01-22;141,00;143,30;141,00;141,85;872.579;124.005.896;
2019-01-23;141,30;141,80;139,25;139,40;793.147;111.334.232;
2019-01-24;139,80;139,80;136,65;138,30;778.842;107.695.944;
2019-01-25;138,95;141,10;138,80;139,85;858.565;120.080.264;
2019-01-28;139,00;139,35;137,80;137,95;611.165;84.442.608;
2019-01-29;140,05;141,10;138,70;140,50;656.823;92.125.280;
2019-01-30;141,20;142,55;140,15;141,75;640.639;90.720.432;
2019-01-31;142,25;142,90;138,90;141,70;806.904;114.066.704;
2019-02-01;141,80;144,20;141,45;144,15;776.193;111.181.336;
2019-02-04;143,75;144,85;143,05;143,80;604.119;86.895.384;
2019-02-05;143,20;145,55;142,75;145,45;768.556;111.471.320;
2019-02-06;144,35;144,90;143,45;143,50;562.924;80.974.760;
2019-02-07;142,40;143,90;140,45;140,45;860.969;121.839.456;
2019-02-08;140,55;141,50;140,20;140,90;939.978;132.394.552;
2019-02-11;142,15;143,45;141,70;143,00;579.707;82.761.368;
2019-02-12;144,80;146,25;144,15;146,00;629.918;91.732.256;
2019-02-13;147,50;149,20;147,00;148,10;695.561;103.017.592;
2019-02-14;150,00;150,00;146,75;147,65;715.540;106.042.952;
2019-02-15;146,20;151,50;146,20;149,80;1.571.356;234.998.208;
2019-02-18;149,15;151,50;148,85;150,40;501.042;75.215.688;
2019-02-19;149,60;151,05;148,15;148,75;612.363;91.274.784;
2019-02-20;148,35;149,25;146,55;148,90;554.927;82.305.480;
2019-02-21;149,75;151,95;149,50;151,40;669.226;101.124.376;
2019-02-22;151,25;153,10;150,20;153,10;691.463;105.373.160;
2019-02-25;153,55;154,25;151,75;153,75;557.672;85.491.688;
2019-02-26;151,20;153,70;151,15;153,35;585.422;89.381.760;
2019-02-27;152,85;153,30;151,25;152,70;523.801;79.756.936;
2019-02-28;152,20;154,70;152,00;152,80;734.237;112.434.344;
2019-03-01;153,30;155,20;148,60;150,75;1.192.691;181.150.832;
2019-03-04;149,10;149,80;145,50;147,90;901.757;133.357.080;
2019-03-05;148,25;149,75;148,00;149,25;685.911;102.230.280;
2019-03-06;148,25;150,05;148,25;149,40;672.459;100.281.464;
2019-03-07;148,60;151,10;148,20;149,50;884.578;132.202.176;
2019-03-08;149,05;152,60;149,05;149,90;824.674;124.221.792;
2019-03-11;150,50;151,90;149,70;151,85;532.444;80.583.136;
2019-03-12;152,70;153,00;151,00;152,95;788.899;120.373.232;
2019-03-13;153,50;155,15;153,05;154,75;779.836;120.465.888;
2019-03-14;155,20;155,70;153,20;153,85;563.632;86.866.952;
2019-03-15;155,80;157,70;153,90;154,40;2.431.887;379.381.536;
2019-03-18;155,60;155,60;152,90;153,30;677.820;104.161.744;
2019-03-19;154,00;154,85;152,90;154,15;436.770;67.299.680;
2019-03-20;153,95;155,50;153,55;154,20;952.734;147.169.600;
2019-03-21;154,20;155,05;152,65;153,95;512.359;78.795.712;
2019-03-22;154,45;154,75;150,35;150,35;993.927;150.573.312;
2019-03-25;150,75;151,80;150,50;151,40;568.715;86.023.520;
2019-03-26;151,00;151,80;150,55;150,60;604.672;91.275.768;
2019-03-27;151,30;151,55;149,85;150,65;775.563;116.757.280;
2019-03-28;151,00;153,75;150,80;153,40;769.905;117.643.960;
2019-03-29;154,70;156,85;154,10;156,00;961.246;149.584.544;
2019-04-01;156,30;158,65;155,90;158,40;711.139;112.245.992;
2019-04-02;157,75;159,05;157,20;158,50;505.675;80.021.992;
2019-04-03;160,30;163,50;159,35;163,45;1.006.407;163.183.648;
2019-04-04;162,45;164,25;162,30;163,85;773.979;126.664.576;
2019-04-05;164,35;165,20;162,75;165,20;725.006;119.202.568;
2019-04-08;165,30;165,50;163,80;164,00;520.852;85.642.672;
2019-04-09;164,60;165,70;162,25;162,25;610.846;99.735.936;
2019-04-10;163,30;163,65;162,45;162,60;498.360;81.143.344;
2019-04-11;161,00;162,15;160,35;160,35;883.936;142.127.008;
2019-04-12;160,15;160,75;159,30;159,75;659.006;105.272.800;
2019-04-15;160,20;160,20;158,25;158,75;511.234;81.330.848;
2019-04-16;159,45;160,30;158,20;158,85;539.960;85.904.992;
2019-04-17;158,65;160,85;158,50;159,35;672.967;107.256.696;
2019-04-18;159,15;161,05;158,85;160,80;1.329.044;213.013.952;
2019-04-23;160,45;160,45;158,95;160,10;566.541;90.608.096;
2019-04-24;158,10;161,25;157,80;159,35;743.959;118.595.080;
2019-04-25;158,10;159,20;156,95;158,05;660.260;104.239.048;
2019-04-26;158,05;159,15;156,85;159,15;657.903;104.148.896;
2019-04-29;159,60;159,60;158,20;158,50;515.997;81.867.688;
2019-04-30;158,00;160,40;157,75;160,40;756.705;120.977.184;
2019-05-02;160,00;160,70;158,55;159,60;747.442;119.282.584;
2019-05-03;159,20;161,90;159,20;160,45;855.463;137.493.920;
2019-05-06;158,70;160,20;158,15;159,90;756.060;120.578.240;
2019-05-07;159,50;159,90;155,25;155,25;1.011.360;157.912.160;
2019-05-08;155,10;157,25;155,05;156,80;671.081;104.811.192;
2019-05-09;156,85;156,90;152,70;152,70;1.070.073;164.530.032;
2019-05-10;155,60;160,10;151,00;159,00;1.337.208;209.618.240;
2019-05-13;160,50;161,35;157,90;158,85;1.250.187;199.116.592;
2019-05-14;162,10;162,10;159,95;162,05;955.494;154.146.304;
2019-05-15;161,45;162,80;159,35;162,10;944.093;152.256.880;
2019-05-16;160,75;168,90;160,65;168,50;1.102.511;183.740.704;
2019-05-17;167,35;170,20;166,80;169,55;1.605.323;271.631.200;
2019-05-20;168,95;170,25;165,50;166,30;901.142;150.387.280;
2019-05-21;166,30;168,10;165,15;167,05;703.503;117.551.560;
2019-05-22;167,95;169,75;167,20;169,75;804.731;135.671.328;
2019-05-23;167,95;168,45;166,00;166,50;1.072.334;178.831.312;
2019-05-24;166,80;168,85;166,00;167,50;913.024;152.948.448;
2019-05-27;167,65;169,55;167,65;169,20;311.240;52.537.916;
2019-05-28;169,50;169,70;165,45;165,45;740.163;123.104.560;
2019-05-29;163,60;164,40;162,05;163,70;1.061.584;173.486.464;
2019-05-30;164,80;165,55;163,60;165,00;466.126;76.806.496;
2019-05-31;162,80;163,35;161,10;162,30;972.868;157.704.832;
2019-06-03;161,70;164,80;160,90;164,30;873.658;142.429.072;
2019-06-04;165,60;167,55;164,25;167,20;1.295.898;215.823.008;
2019-06-05;168,20;170,45;167,70;170,10;1.108.726;187.740.560;
2019-06-06;171,10;174,80;171,10;173,70;1.023.106;177.273.088;
2019-06-07;175,25;177,65;174,70;175,10;1.176.224;206.782.672;
2019-06-11;175,95;178,10;175,85;176,50;1.097.559;194.059.200;
2019-06-12;176,70;178,80;175,85;178,35;734.902;130.570.440;
2019-06-13;177,40;180,80;177,40;179,65;686.816;123.544.928;
2019-06-14;179,80;180,60;178,90;180,60;562.254;101.255.256;
2019-06-17;181,15;181,55;180,20;181,10;474.991;85.955.608;
2019-06-18;179,85;183,85;178,45;182,40;1.339.438;243.880.752;
2019-06-19;182,00;182,00;177,70;178,25;1.024.034;183.489.184;
2019-06-20;180,00;181,35;178,55;179,15;788.606;141.708.624;
2019-06-21;178,70;181,30;178,30;179,25;2.900.402;520.808.480;
2019-06-24;179,10;179,25;176,70;178,65;595.811;106.173.504;
2019-06-25;177,15;179,70;176,60;178,50;515.562;92.017.256;
2019-06-26;179,40;180,35;176,80;177,30;647.305;115.191.136;
2019-06-27;177,00;177,60;173,65;174,95;1.018.695;178.353.296;
2019-06-28;174,80;176,90;174,75;176,65;1.300.365;228.782.992;
2019-07-01;180,00;181,25;178,30;178,80;899.111;161.128.960;
2019-07-02;179,40;179,50;178,40;178,85;706.687;126.486.392;
2019-07-03;179,30;179,75;178,60;179,70;839.811;150.550.304;
2019-07-04;180,70;180,70;178,55;178,75;428.464;76.696.304;
2019-07-05;178,95;180,60;178,15;180,05;728.729;130.872.888;
2019-07-08;178,75;180,60;178,05;180,60;683.904;122.874.408;
2019-07-09;179,85;180,85;178,85;179,65;808.138;145.353.904;
2019-07-10;179,75;180,10;177,80;179,65;511.302;91.568.472;
2019-07-11;180,50;180,50;177,60;178,55;550.054;98.358.512;
2019-07-12;180,00;182,05;178,80;180,45;654.751;117.975.480;
2019-07-15;181,55;182,65;179,70;181,50;464.168;84.174.080;
2019-07-16;181,20;183,30;180,05;182,10;487.123;88.534.472;
2019-07-17;181,25;182,80;180,45;180,45;506.259;91.662.744;
2019-07-18;180,65;182,05;179,30;180,05;619.923;111.896.760;
2019-07-19;180,75;181,80;179,15;181,30;775.661;140.161.104;
2019-07-22;180,40;183,10;180,40;181,30;430.858;78.299.296;
2019-07-23;183,15;184,75;181,15;184,70;793.057;145.804.560;
2019-07-24;184,00;184,80;182,20;182,20;617.824;112.911.720;
2019-07-25;182,60;182,60;175,70;177,90;1.196.985;213.932.000;
2019-07-26;178,90;180,30;178,15;179,90;737.946;132.250.408;
2019-07-29;179,40;179,85;178,65;179,05;594.827;106.599.912;
2019-07-30;179,90;180,45;174,95;176,35;1.368.139;241.651.984;
2019-07-31;176,65;176,65;173,75;173,75;737.218;128.762.928;
2019-08-01;172,60;174,40;171,35;174,05;920.864;159.538.528;
2019-08-02;169,80;171,70;167,30;167,30;1.675.690;282.520.640;
2019-08-05;167,00;172,75;165,95;171,55;1.495.653;254.938.784;
2019-08-06;170,35;170,95;165,95;166,00;1.009.687;169.800.608;
2019-08-07;168,60;169,15;166,25;167,70;896.951;150.531.456;
2019-08-08;170,40;171,40;168,20;171,40;905.603;154.256.176;
2019-08-09;171,45;172,05;168,10;169,55;1.063.828;180.472.944;
2019-08-12;172,25;173,60;171,00;172,50;655.840;112.822.104;
2019-08-13;172,40;174,95;170,50;173,65;939.368;162.534.304;
2019-08-14;172,85;173,35;167,75;168,40;556.800;94.622.632;
2019-08-15;168,90;169,35;164,15;168,00;849.398;142.207.232;
2019-08-16;168,20;169,80;167,20;169,05;782.122;132.067.880;
2019-08-19;169,35;171,35;168,90;170,25;519.327;88.351.008;
2019-08-20;170,25;171,10;168,15;170,25;597.066;101.476.056;
2019-08-21;170,35;171,60;169,75;170,95;466.740;79.687.336;
2019-08-22;169,65;171,20;168,40;169,00;626.999;106.147.424;
2019-08-23;169,65;170,25;165,70;165,70;966.474;161.752.672;
2019-08-26;165,95;167,80;165,30;166,05;521.293;86.676.952;
2019-08-27;165,20;167,95;164,20;167,00;666.392;110.769.376;
2019-08-28;167,25;167,70;164,80;167,60;420.709;70.212.616;
2019-08-29;166,90;170,30;166,75;170,30;678.341;115.202.712;
2019-08-30;169,90;171,30;169,45;170,70;709.713;121.104.216;
2019-09-02;171,20;172,40;171,05;171,05;351.331;60.231.124;
2019-09-03;170,65;171,90;169,80;170,50;532.372;90.926.448;
2019-09-04;173,00;173,00;169,05;169,95;446.505;76.094.520;
2019-09-05;171,40;171,40;169,90;170,00;614.492;104.642.264;
2019-09-06;168,75;172,05;168,25;172,05;866.658;148.058.528;
2019-09-09;171,95;172,15;168,30;168,75;448.172;75.989.224;
2019-09-10;168,50;168,55;166,15;166,25;739.252;123.163.384;
2019-09-11;168,05;169,65;166,55;169,65;540.418;91.245.808;
2019-09-12;171,15;175,30;170,55;173,30;753.812;130.425.416;
2019-09-13;173,00;174,80;171,65;174,80;707.942;123.388.160;
2019-09-16;173,00;174,00;171,20;171,75;539.095;92.907.000;
2019-09-17;171,30;174,70;170,65;174,25;583.269;101.138.680;
2019-09-18;174,00;175,25;172,70;174,90;598.521;104.505.048;
2019-09-19;175,15;177,45;174,30;176,90;772.721;136.401.152;
2019-09-20;176,90;178,25;175,50;177,80;2.928.839;519.951.744;
2019-09-23;176,70;177,15;174,40;175,40;589.097;103.427.400;
2019-09-24;176,60;176,95;175,30;175,60;322.864;56.748.452;
2019-09-25;174,05;175,35;172,50;175,05;459.839;80.116.888;
2019-09-26;174,50;176,85;174,40;175,75;564.118;99.161.528;
2019-09-27;176,45;177,00;175,15;176,10;459.641;80.847.456;
2019-09-30;176,20;178,00;175,40;178,00;594.100;105.494.784;
2019-10-01;177,95;178,90;174,60;174,60;677.260;118.880.576;
2019-10-02;172,15;172,35;166,60;166,60;1.146.930;193.197.008;
2019-10-04;166,20;169,85;166,15;168,70;816.875;137.307.040;
2019-10-07;167,55;172,30;167,50;172,30;556.303;95.064.176;
2019-10-08;171,90;172,80;168,05;168,05;709.434;120.275.080;
2019-10-09;168,85;171,05;167,90;169,35;667.568;113.117.560;
2019-10-10;171,00;174,50;169,60;174,45;1.243.860;215.304.224;
2019-10-11;172,00;177,65;171,65;177,55;1.075.226;188.749.744;
2019-10-14;176,85;177,35;175,10;176,00;488.953;86.182.480;
2019-10-15;177,10;179,45;176,80;178,10;1.055.085;187.880.208;
2019-10-16;177,85;181,10;177,50;178,50;854.716;153.024.208;
2019-10-17;177,40;179,80;176,85;177,30;849.155;151.160.752;
2019-10-18;178,15;178,20;175,05;175,85;934.068;164.889.904;
2019-10-21;176,60;176,65;174,10;174,45;629.947;110.170.616;
2019-10-22;174,05;174,55;172,05;172,30;700.910;121.258.776;
2019-10-23;172,75;175,30;172,15;174,60;688.797;120.082.808;
2019-10-24;176,05;176,05;172,75;174,45;736.081;128.291.664;
2019-10-25;175,70;176,00;174,20;175,90;579.535;101.712.392;
2019-10-28;175,25;177,60;175,25;176,80;501.794;88.726.808;
2019-10-29;177,90;180,65;177,00;180,55;686.355;123.245.664;
2019-10-30;179,20;179,40;176,55;177,70;491.978;87.470.520;
2019-10-31;179,50;179,50;176,15;177,25;800.511;142.144.688;
2019-11-01;178,75;179,25;176,75;177,80;491.883;87.502.968;
2019-11-04;178,55;180,80;177,45;179,80;635.599;114.227.720;
2019-11-05;180,70;181,95;179,75;180,40;683.995;123.647.072;
2019-11-06;181,10;182,05;180,35;181,90;662.233;120.288.440;
2019-11-07;182,00;183,00;181,65;182,30;714.464;130.201.616;
2019-11-08;182,90;185,40;182,60;184,10;767.659;141.633.232;
2019-11-11;184,20;184,55;182,75;183,75;579.560;106.478.704;
2019-11-12;184,00;188,50;182,35;186,60;799.301;148.721.632;
2019-11-13;187,00;189,75;185,10;188,85;726.952;136.866.464;
2019-11-14;189,20;189,90;187,80;189,45;588.205;111.173.456;
2019-11-15;191,10;191,15;188,90;189,00;862.577;163.754.192;
2019-11-18;190,70;190,70;187,55;189,25;473.924;89.477.584;
2019-11-19;189,50;191,30;187,50;188,50;638.902;121.053.304;
2019-11-20;187,15;188,00;185,90;187,00;545.769;102.005.592;
2019-11-21;185,60;187,85;185,45;187,20;1.093.325;204.425.456;
2019-11-22;187,30;188,70;185,35;185,80;801.749;149.317.344;
2019-11-25;187,00;187,40;185,30;185,75;527.659;98.085.168;
2019-11-26;186,40;186,55;185,10;186,00;679.702;126.437.392;
2019-11-27;187,00;187,40;184,75;186,55;533.873;99.357.712;
2019-11-28;185,80;186,35;185,55;186,00;369.027;68.639.712;
2019-11-29;184,85;188,10;184,45;186,90;851.491;158.953.472;
2019-12-02;186,30;187,45;180,25;180,40;1.275.401;232.958.224;
2019-12-03;181,50;183,15;180,00;181,40;796.585;144.587.760;
2019-12-04;181,90;185,60;181,85;184,90;753.030;138.885.312;
2019-12-05;183,80;184,05;181,85;182,60;673.402;123.118.232;
2019-12-06;183,85;185,75;182,30;185,55;633.461;116.905.720;
2019-12-09;185,95;186,90;184,70;185,35;394.735;73.320.312;
2019-12-10;185,00;185,60;181,90;184,85;777.483;143.286.160;
2019-12-11;184,30;186,15;184,15;185,75;762.854;141.589.952;
2019-12-12;185,65;188,85;185,60;187,80;911.455;170.800.304;
2019-12-13;191,35;191,65;187,35;187,60;1.152.817;218.211.072;
2019-12-16;188,60;190,05;188,40;189,05;636.293;120.288.704;
2019-12-17;189,85;190,20;187,65;187,95;932.169;175.649.008;
2019-12-18;188,40;188,60;186,75;186,75;755.019;141.302.848;
2019-12-19;187,00;187,90;185,90;187,60;1.181.074;221.233.200;
2019-12-20;188,55;192,85;187,55;191,50;2.654.766;505.869.856;
2019-12-23;190,85;191,70;189,90;190,90;576.030;109.923.384;
2019-12-27;192,50;192,70;190,80;191,15;425.465;81.580.992;
2019-12-30;190,90;191,35;189,55;190,80;229.616;43.727.816;
2020-01-02;189,60;192,00;189,15;190,05;694.284;132.268.472;
2020-01-03;186,25;187,70;184,15;185,30;949.121;176.214.368;
2020-01-06;183,00;184,55;180,40;183,60;706.882;129.143.040;
2020-01-07;184,80;185,45;183,30;185,30;720.665;133.055.040;
2020-01-08;182,70;186,25;182,70;185,85;840.302;155.461.168;
2020-01-09;187,95;189,20;186,95;188,45;607.754;114.411.824;
2020-01-10;188,90;190,55;188,55;189,00;575.321;108.860.696;
2020-01-13;189,85;189,95;188,15;189,70;663.100;125.581.416;
2020-01-14;189,55;191,15;187,20;190,50;738.131;140.126.832;
2020-01-15;188,70;190,25;188,70;189,80;631.517;119.724.896;
2020-01-16;189,85;192,05;189,85;190,20;502.823;95.864.192;
2020-01-17;191,45;193,15;189,80;192,15;929.414;177.804.192;
2020-01-20;191,60;191,95;190,65;191,10;335.957;64.251.352;
2020-01-21;190,40;191,35;188,30;190,75;659.234;125.390.896;
2020-01-22;191,80;192,15;190,00;190,00;871.952;166.143.792;
2020-01-23;189,50;189,90;187,45;188,10;836.031;157.547.328;
2020-01-24;188,95;192,60;188,65;192,35;878.472;167.829.664;
2020-01-27;188,00;189,05;185,15;185,25;1.342.761;249.799.856;
2020-01-28;187,35;188,65;185,50;188,45;799.632;149.825.488;
2020-01-29;188,20;190,35;188,05;190,30;607.574;115.127.712;
2020-01-30;187,50;188,75;186,15;187,30;855.948;160.356.656;
2020-01-31;187,55;188,00;184,05;184,05;1.282.690;237.431.424;
2020-02-03;184,95;186,80;183,80;186,15;812.615;150.748.048;
2020-02-04;189,65;192,80;188,90;192,60;1.182.314;226.394.208;
2020-02-05;196,05;197,35;193,75;194,55;1.052.470;205.244.464;
2020-02-06;197,00;197,55;195,60;197,15;725.408;142.684.400;
2020-02-07;196,30;197,35;195,05;196,75;689.684;135.353.520;
2020-02-10;195,75;197,35;194,95;197,05;478.445;94.040.584;
2020-02-11;197,70;200,50;197,70;199,10;824.721;164.197.104;
2020-02-12;200,00;201,10;197,85;199,05;639.466;127.530.728;
2020-02-13;198,85;208,50;195,70;205,40;1.243.211;252.424.528;
2020-02-14;205,20;205,80;202,40;205,10;627.263;128.207.616;
2020-02-17;208,20;208,60;205,90;208,60;586.744;122.002.208;
2020-02-18;206,60;208,60;206,00;206,70;723.885;149.763.792;
2020-02-19;207,60;208,00;205,60;205,60;626.772;129.169.680;
2020-02-20;206,20;206,20;202,20;202,20;740.493;150.812.176;
2020-02-21;202,30;204,70;201,30;202,60;1.444.835;293.214.912;
2020-02-24;198,95;199,00;193,65;193,85;1.690.364;329.504.334;
2020-02-25;194,90;195,30;188,80;188,80;1.645.571;314.630.531;
2020-02-26;189,30;190,25;181,55;189,60;2.476.514;463.797.102;
2020-02-27;185,10;186,15;181,05;183,00;2.218.977;407.083.059;
2020-02-28;176,95;178,85;170,10;171,75;3.224.894;559.128.664;
2020-03-02;172,20;174,80;167,60;172,60;2.572.229;442.091.598;
2020-03-03;175,50;180,55;174,90;176,95;2.625.447;465.614.100;
2020-03-04;176,85;179,90;175,75;179,65;1.907.506;340.151.654;
2020-03-05;180,75;181,90;175,95;177,75;1.813.595;323.325.124;
2020-03-06;173,15;174,20;166,35;167,20;1.937.644;327.208.599;
2020-03-09;152,20;158,80;150,05;154,10;3.669.870;567.640.438;
2020-03-10;156,10;157,15;147,20;148,30;3.353.661;511.227.259;
2020-03-11;151,50;155,30;149,75;154,15;3.189.376;489.379.257;
2020-03-12;146,55;148,60;142,45;144,35;6.358.640;924.856.133;
2020-03-13;149,00;157,60;145,45;147,35;4.903.005;735.043.982;
