Datum;Erster;Hoch;Tief;Schlusskurs;Stuecke;Volumen
2020-02-28;35,03;35,48;33,89;34,49;4.420.674;153.240.118
2020-02-27;37,06;37,60;36,12;36,16;3.699.485;135.415.569
2020-02-26;38,06;38,58;37,03;37,95;2.579.980;97.722.705
2020-02-25;39,00;39,10;38,25;38,41;1.752.896;67.669.324
2020-02-24;38,62;38,95;38,06;38,67;2.382.301;91.799.259
2020-02-21;41,14;41,14;39,70;39,96;2.796.238;112.083.032
2020-02-20;40,44;41,54;39,80;41,18;2.086.385;85.571.384
2020-02-19;39,76;41,10;39,64;40,61;2.828.252;114.704.008
2020-02-18;39,28;39,56;39,01;39,45;1.849.071;72.755.368
2020-02-17;39,23;39,72;39,20;39,48;895.321;35.331.712
2020-02-14;39,00;39,39;38,97;39,10;962.520;37.718.200
2020-02-13;39,12;39,46;38,51;38,94;1.097.703;42.705.496
2020-02-12;38,86;39,62;38,69;39,27;1.239.081;48.724.736
2020-02-11;38,21;38,92;37,95;38,82;1.429.366;55.185.528
2020-02-10;38,00;38,24;37,80;37,95;1.139.189;43.263.104
2020-02-07;39,15;39,26;37,86;38,15;1.468.808;56.219.048
2020-02-06;39,15;39,68;38,59;38,62;1.570.112;61.272.064
2020-02-05;38,53;38,71;38,34;38,71;2.362.477;91.141.696
2020-02-04;38,00;38,81;37,97;38,48;1.533.255;58.973.272
2020-02-03;38,10;38,33;37,44;37,72;1.679.443;63.416.196
2020-01-31;39,06;39,20;38,03;38,15;1.968.454;75.505.968
2020-01-30;39,19;39,73;38,89;39,04;1.513.996;59.329.732
2020-01-29;39,39;39,62;39,12;39,47;1.107.779;43.655.456
2020-01-28;38,90;39,36;38,49;39,33;1.364.527;53.301.936
2020-01-27;39,00;39,16;38,19;38,72;2.165.452;83.786.104
2020-01-24;40,26;40,63;39,69;39,76;1.254.336;50.178.600
2020-01-23;40,20;40,44;39,49;39,85;1.888.301;75.407.416
2020-01-22;42,50;42,83;40,48;40,50;2.470.698;101.696.664
2020-01-21;40,61;41,37;40,28;41,19;1.284.748;52.723.316
2020-01-20;40,94;41,11;40,44;40,83;1.048.842;42.770.308
2020-01-17;40,72;41,48;40,48;40,90;1.444.122;59.339.768
2020-01-16;40,16;40,81;39,94;40,59;1.151.743;46.661.580
2020-01-15;40,47;41,02;40,04;40,12;1.376.075;55.630.844
2020-01-14;40,62;41,02;40,27;40,50;1.202.786;48.864.964
2020-01-13;40,58;40,72;40,07;40,71;1.495.159;60.538.508
2020-01-10;41,21;41,44;40,64;40,64;1.361.157;55.698.880
2020-01-09;41,30;41,64;41,06;41,17;1.811.161;74.793.432
2020-01-08;40,24;41,03;39,94;40,83;1.891.549;77.046.328
2020-01-07;40,00;40,79;39,96;40,13;1.778.527;71.735.312
2020-01-06;41,00;41,00;39,17;39,89;3.648.523;145.104.720
2020-01-03;41,91;42,14;41,51;41,90;1.120.410;46.837.760
2020-01-02;41,50;42,61;41,50;42,18;1.238.476;52.390.504
2019-12-30;41,80;41,83;41,33;41,45;448.776;18.639.326
2019-12-27;41,88;42,44;41,71;41,82;535.642;22.479.962
2019-12-23;41,71;41,99;41,48;41,81;605.546;25.275.452
2019-12-20;41,76;42,20;41,76;41,77;2.754.367;115.331.136
2019-12-19;41,85;41,91;41,34;41,85;1.463.673;61.049.712
2019-12-18;41,85;42,28;41,66;41,85;930.150;39.007.408
2019-12-17;43,06;43,06;41,79;41,96;1.395.932;58.827.788
2019-12-16;43,00;43,41;42,83;42,95;892.510;38.406.068
2019-12-13;43,92;44,54;42,82;42,82;1.618.272;70.475.008
2019-12-12;41,74;42,98;41,67;42,77;1.492.392;63.435.124
2019-12-11;41,95;42,16;41,58;41,75;856.288;35.788.244
2019-12-10;41,72;41,99;40,96;41,86;934.871;38.876.376
2019-12-09;41,91;42,18;41,76;41,86;546.109;22.889.000
2019-12-06;41,78;42,10;41,56;41,83;563.798;23.598.102
2019-12-05;41,88;42,18;41,54;41,67;879.284;36.737.216
2019-12-04;41,20;42,01;41,07;41,87;1.114.193;46.490.160
2019-12-03;41,78;42,21;41,00;41,29;1.479.200;61.354.204
2019-12-02;42,54;43,12;41,64;41,73;1.254.692;52.905.672
2019-11-29;42,95;43,18;42,49;42,50;1.021.369;43.626.820
2019-11-28;43,42;43,48;42,97;43,27;635.600;27.504.100
2019-11-27;43,67;44,17;43,26;43,44;1.018.471;44.412.044
2019-11-26;43,70;43,81;43,12;43,45;1.252.504;54.383.140
2019-11-25;43,88;44,06;43,38;43,59;752.528;32.823.502
2019-11-22;42,94;43,82;42,72;43,38;1.270.291;55.094.764
2019-11-21;42,92;43,18;42,36;42,84;1.185.633;50.792.040
2019-11-20;43,23;43,50;42,80;43,31;1.063.326;45.962.032
2019-11-19;44,20;44,71;43,33;43,65;1.074.108;47.320.196
2019-11-18;44,63;45,18;43,72;44,05;1.121.029;49.484.832
2019-11-15;45,33;45,41;44,23;44,87;1.011.208;45.225.940
2019-11-14;44,45;45,20;43,82;44,85;1.562.833;69.877.664
2019-11-13;45,44;45,58;44,21;44,52;1.325.766;59.087.936
2019-11-12;45,79;46,10;45,41;45,67;1.245.610;56.967.720
2019-11-11;46,55;46,89;45,85;46,14;1.262.633;58.324.552
2019-11-08;46,72;47,05;46,35;46,69;1.374.549;64.198.204
2019-11-07;46,14;47,17;46,01;46,95;1.469.330;68.883.240
2019-11-06;46,25;46,57;45,26;45,74;1.246.790;57.096.868
2019-11-05;46,09;46,71;45,77;46,27;1.529.389;70.733.896
2019-11-04;45,50;46,25;45,50;46,02;1.432.221;65.830.040
2019-11-01;43,21;45,53;43,14;45,04;1.727.505;77.021.904
2019-10-31;43,39;43,55;42,44;43,05;1.724.638;74.115.272
2019-10-30;44,73;44,92;43,22;43,44;1.374.465;60.082.764
2019-10-29;45,38;45,63;43,85;44,84;1.634.821;73.230.096
2019-10-28;45,90;48,18;44,68;45,34;2.849.064;131.182.472
2019-10-25;46,83;47,07;46,13;46,69;980.670;45.675.588
2019-10-24;46,81;47,17;46,01;46,74;1.226.760;57.170.880
2019-10-23;46,11;46,94;45,86;46,67;1.070.359;49.868.124
2019-10-22;46,68;47,07;45,53;45,91;793.535;36.490.768
2019-10-21;45,95;47,03;45,95;46,51;963.780;44.964.616
2019-10-18;45,39;46,04;45,16;45,74;966.859;44.237.448
2019-10-17;45,92;46,80;45,50;45,50;1.267.511;58.130.388
2019-10-16;45,43;46,32;45,08;46,13;1.258.297;57.733.720
2019-10-15;45,44;46,10;45,08;45,75;1.150.933;52.508.020
2019-10-14;45,31;45,37;44,55;45,10;811.840;36.525.904
2019-10-11;43,77;45,50;43,73;45,45;1.527.612;68.780.672
2019-10-10;42,56;43,76;42,42;43,37;1.178.902;50.985.972
2019-10-09;42,00;42,72;41,78;42,44;998.066;42.253.732
2019-10-08;43,42;43,44;41,91;42,22;1.151.567;48.833.444
2019-10-07;43,10;43,35;42,40;43,26;954.121;41.083.108
2019-10-04;42,81;43,54;42,58;43,13;1.251.493;53.836.816
2019-10-02;44,02;44,23;42,57;42,68;2.025.451;86.942.424
2019-10-01;45,66;46,07;44,67;44,74;1.058.481;47.814.164
2019-09-30;45,11;46,07;44,86;45,40;1.147.005;52.235.348
2019-09-27;43,77;44,87;43,59;44,79;1.074.875;47.899.376
2019-09-26;44,09;44,37;43,38;43,50;1.138.672;49.862.836
2019-09-25;43,85;44,08;43,16;44,02;1.093.600;47.737.244
2019-09-24;44,57;45,13;44,15;44,32;964.451;43.016.164
2019-09-23;44,75;44,81;43,46;44,34;904.500;39.862.296
2019-09-20;45,50;45,50;44,57;44,96;1.761.797;79.071.312
2019-09-19;44,55;45,59;44,35;45,40;1.509.613;68.289.096
2019-09-18;44,60;45,60;44,30;45,03;1.656.900;74.663.648
2019-09-17;44,85;44,85;43,43;43,98;1.504.549;66.127.564
2019-09-16;44,38;45,71;44,11;45,02;1.635.446;73.757.016
2019-09-13;43,00;44,90;43,00;44,90;1.633.041;72.806.552
2019-09-12;43,34;44,02;42,46;43,12;1.554.207;67.230.336
2019-09-11;43,39;43,74;42,80;42,98;1.052.728;45.576.000
2019-09-10;41,60;43,27;41,60;42,93;1.788.361;76.464.848
2019-09-09;41,60;42,40;41,52;42,39;1.356.508;57.319.860
2019-09-06;41,80;41,90;41,18;41,42;766.218;31.819.198
2019-09-05;41,03;41,62;40,93;41,47;983.726;40.698.924
2019-09-04;40,97;41,05;40,45;40,56;737.451;29.976.232
2019-09-03;40,57;40,68;39,97;40,23;777.273;31.323.010
2019-09-02;41,22;41,68;40,56;40,62;568.600;23.268.572
2019-08-30;41,00;41,58;40,86;41,19;826.418;34.043.580
2019-08-29;39,54;41,03;39,32;40,83;1.326.982;53.983.788
2019-08-28;39,30;39,60;38,59;39,53;869.151;34.082.368
2019-08-27;39,14;40,00;38,81;39,39;896.666;35.407.152
2019-08-26;39,04;39,43;38,65;39,06;564.223;22.045.090
2019-08-23;39,90;40,36;38,91;38,91;1.125.211;44.414.052
2019-08-22;39,16;40,32;38,88;39,70;910.177;36.174.440
2019-08-21;38,93;39,82;38,93;39,32;643.392;25.394.530
2019-08-20;38,84;39,62;38,70;38,76;966.414;37.695.836
2019-08-19;38,76;39,37;38,56;38,85;867.894;33.795.816
2019-08-16;38,11;38,59;37,95;38,30;1.149.377;44.048.516
2019-08-15;38,68;38,97;37,30;37,95;1.581.428;60.039.496
2019-08-14;39,82;39,82;38,46;38,55;917.468;35.690.004
2019-08-13;39,31;40,51;38,28;39,84;1.776.102;69.888.552
2019-08-12;40,12;40,40;39,33;39,42;803.831;31.787.858
2019-08-09;40,43;40,53;39,73;39,76;1.440.895;57.551.428
2019-08-08;39,62;40,77;38,89;40,60;1.622.658;65.251.216
2019-08-07;39,15;39,51;38,41;38,79;1.112.868;43.288.424
2019-08-06;39,37;39,93;38,76;38,79;1.207.997;47.451.604
2019-08-05;39,10;39,38;38,60;39,30;1.241.726;48.515.008
2019-08-02;40,55;40,62;39,18;39,84;2.124.590;84.432.032
2019-08-01;40,60;41,61;40,51;41,61;1.205.946;49.819.736
2019-07-31;41,12;41,86;41,01;41,11;1.223.379;50.517.712
2019-07-30;42,11;42,14;40,74;41,16;1.340.175;55.234.804
2019-07-29;42,85;42,86;41,79;42,18;1.093.008;46.149.624
2019-07-26;42,93;43,17;42,40;42,85;1.070.875;45.878.424
2019-07-25;44,89;45,43;42,24;43,14;3.151.202;136.727.344
2019-07-24;44,55;45,49;44,21;44,82;2.125.313;95.249.728
2019-07-23;42,46;43,94;42,41;43,41;1.446.763;62.944.304
2019-07-22;42,29;43,04;42,04;42,18;941.223;39.917.760
2019-07-19;42,09;43,04;41,93;42,51;934.766;39.818.300
2019-07-18;41,72;42,20;41,35;41,80;801.470;33.513.078
2019-07-17;42,85;42,95;41,82;42,03;957.275;40.459.056
2019-07-16;42,50;43,14;42,36;42,92;1.016.652;43.534.632
2019-07-15;41,26;42,66;41,26;42,48;1.345.352;56.915.120
2019-07-12;40,32;41,66;40,13;41,26;1.342.774;55.344.476
2019-07-11;41,10;41,19;40,02;40,23;1.441.680;58.119.804
2019-07-10;41,43;42,19;40,87;41,09;1.576.057;65.123.812
2019-07-09;41,24;41,85;40,03;41,59;2.749.396;112.486.408
2019-07-08;42,92;43,78;42,38;42,92;946.420;40.759.192
2019-07-05;44,00;44,01;42,93;43,22;1.160.215;50.103.216
2019-07-04;43,89;44,72;43,81;43,85;837.735;36.996.320
2019-07-03;44,41;44,44;43,61;43,81;845.986;37.150.448
2019-07-02;44,70;45,06;43,84;44,13;1.042.429;46.181.808
2019-07-01;45,93;46,36;44,91;44,91;1.052.960;47.863.352
2019-06-28;44,03;44,92;43,84;44,71;1.064.820;47.414.872
2019-06-27;43,58;44,69;43,58;43,77;1.069.507;47.059.016
2019-06-26;42,68;43,85;42,59;43,14;954.198;41.273.040
2019-06-25;43,47;43,90;42,95;42,95;1.268.035;54.811.136
2019-06-24;44,02;44,40;43,36;43,60;770.873;33.679.900
2019-06-21;43,96;44,52;43,49;44,01;2.956.783;130.202.344
2019-06-20;44,30;44,63;43,80;43,86;936.136;41.329.408
2019-06-19;43,04;44,35;42,94;43,62;1.974.768;86.417.152
2019-06-18;41,00;42,92;40,39;42,59;1.651.941;69.473.608
2019-06-17;41,91;42,04;40,93;41,05;957.976;39.558.376
2019-06-14;42,25;42,35;41,53;41,76;943.433;39.466.672
2019-06-13;41,49;42,33;41,20;42,25;1.179.858;49.438.424
2019-06-12;41,77;42,21;41,24;41,54;1.098.537;45.655.104
2019-06-11;41,90;42,65;41,68;42,11;1.203.234;50.832.656
2019-06-07;41,35;42,10;41,19;41,37;1.467.425;61.060.236
2019-06-06;40,87;42,38;40,64;41,08;1.866.843;77.425.912
2019-06-05;41,20;41,64;40,39;40,84;1.667.874;68.390.920
2019-06-04;39,01;41,66;38,75;41,18;2.232.910;91.282.400
2019-06-03;38,53;39,29;38,43;39,29;1.083.946;42.267.604
2019-05-31;39,68;39,72;38,92;39,23;1.767.151;69.405.904
2019-05-30;40,38;40,59;39,83;40,40;998.736;40.293.636
2019-05-29;40,63;40,68;39,69;40,09;1.758.087;70.531.872
2019-05-28;41,35;41,80;41,04;41,12;2.647.188;109.050.280
2019-05-27;41,25;41,59;40,92;41,46;562.050;23.238.126
2019-05-24;41,35;41,52;40,92;40,95;1.219.570;50.186.944
2019-05-23;42,61;42,61;40,83;41,08;2.613.535;108.045.440
2019-05-22;43,39;43,65;42,85;43,30;967.528;41.809.604
2019-05-21;43,06;43,89;42,99;43,60;1.410.448;61.321.992
2019-05-20;44,05;44,17;42,58;43,02;1.181.644;51.024.560
2019-05-17;44,79;44,79;43,59;44,19;1.128.094;49.667.244
2019-05-16;44,02;45,10;43,40;44,95;1.701.557;75.588.040
2019-05-15;43,48;44,48;42,90;44,26;2.036.928;89.000.008
2019-05-14;42,86;43,47;42,23;43,30;1.624.362;69.850.200
2019-05-13;43,79;43,83;42,64;43,02;1.497.816;64.480.896
2019-05-10;44,42;44,93;43,47;43,85;1.841.980;81.036.680
2019-05-09;44,94;44,94;43,39;43,68;2.000.229;87.864.496
2019-05-08;45,00;46,30;44,61;45,10;1.740.919;78.830.072
2019-05-07;47,50;47,60;44,99;45,31;1.808.491;82.780.352
2019-05-06;46,50;47,29;46,10;47,29;1.194.308;56.000.548
2019-05-03;47,21;48,74;47,20;48,33;1.116.518;53.735.012
2019-05-02;48,90;48,90;47,43;47,78;1.991.010;95.321.344
2019-04-30;50,26;50,26;48,58;48,75;1.764.233;86.532.856
2019-04-29;50,00;51,70;49,24;50,48;1.535.718;77.336.992
2019-04-26;50,38;51,12;50,12;51,12;1.088.197;55.305.576
2019-04-25;51,00;51,24;49,83;50,50;1.236.788;62.462.992
2019-04-24;52,16;52,16;50,64;51,22;1.261.888;64.797.508
2019-04-23;53,06;53,06;52,24;52,24;945.709;49.618.072
2019-04-18;53,38;53,40;52,44;53,04;1.157.059;61.380.388
2019-04-17;53,18;53,94;53,02;53,38;1.199.787;64.298.160
2019-04-16;53,16;53,46;52,40;52,98;1.248.697;66.176.036
2019-04-15;53,14;53,36;52,42;53,00;1.274.659;67.510.480
2019-04-12;53,62;55,78;52,72;55,32;2.215.258;121.800.928
2019-04-11;52,20;54,00;51,92;53,74;1.415.119;75.392.904
2019-04-10;51,96;52,94;51,86;52,34;1.011.537;52.945.056
2019-04-09;52,60;52,90;51,58;51,68;947.739;49.369.448
2019-04-08;53,20;53,40;52,38;52,68;988.273;52.089.928
2019-04-05;52,96;53,76;52,92;53,02;1.338.708;71.217.704
2019-04-04;53,02;53,06;52,04;52,70;1.345.873;70.874.880
2019-04-03;52,00;53,32;51,88;53,02;1.448.398;76.697.152
2019-04-02;50,92;51,94;50,80;51,16;1.199.481;61.460.804
2019-04-01;49,61;51,28;49,61;50,66;1.405.106;71.210.408
2019-03-29;49,02;49,69;48,62;49,02;1.053.247;51.687.432
2019-03-28;48,25;49,08;48,12;48,59;1.488.632;72.520.528
2019-03-27;47,50;48,44;47,31;48,07;1.701.856;81.526.400
2019-03-26;46,62;47,29;45,98;47,01;1.012.735;47.458.148
2019-03-25;47,00;47,02;45,95;46,43;1.572.933;72.972.712
2019-03-22;47,66;48,38;46,84;47,12;1.714.087;81.106.288
2019-03-21;46,96;47,63;46,50;47,53;1.205.616;56.907.552
2019-03-20;47,60;47,66;46,55;46,79;1.484.060;69.754.248
2019-03-19;47,38;48,57;47,14;47,95;2.061.559;98.912.128
2019-03-18;49,36;49,72;47,07;47,38;2.306.238;110.686.688
2019-03-15;49,00;50,00;48,97;49,03;3.110.903;152.939.264
2019-03-14;48,53;49,38;48,33;48,67;943.571;46.009.864
2019-03-13;47,90;48,57;46,62;48,51;1.226.090;58.630.008
2019-03-12;49,16;49,61;47,91;48,07;1.283.463;62.030.648
2019-03-11;48,73;48,94;47,94;48,68;833.432;40.415.400
2019-03-08;48,00;48,70;47,53;48,64;1.402.032;67.827.048
2019-03-07;50,02;50,14;47,83;48,38;2.646.304;128.793.032
2019-03-06;50,32;51,38;50,14;50,62;850.376;43.119.632
2019-03-05;51,00;51,74;50,30;50,50;1.109.315;56.371.224
2019-03-04;51,36;51,78;50,90;51,14;716.806;36.765.012
2019-03-01;50,70;51,94;50,64;51,14;1.318.436;67.704.016
2019-02-28;48,12;50,74;48,11;50,14;2.053.045;102.604.776
2019-02-27;48,20;49,12;47,11;48,42;1.819.258;87.480.024
2019-02-26;49,16;49,46;47,98;48,72;2.583.793;125.624.528
2019-02-25;50,04;50,80;49,12;49,97;3.391.112;168.927.392
2019-02-22;51,02;52,08;51,00;51,60;1.316.809;68.018.456
2019-02-21;51,64;51,70;50,82;51,20;1.214.099;62.172.316
2019-02-20;50,62;51,26;50,06;51,02;1.054.706;53.577.224
2019-02-19;50,72;51,44;50,08;50,32;916.203;46.329.368
2019-02-18;51,08;51,12;50,46;50,94;625.890;31.827.248
2019-02-15;48,54;51,56;48,06;51,08;1.550.363;78.132.136
2019-02-14;50,12;50,56;48,42;48,70;1.118.091;55.171.336
2019-02-13;49,40;50,82;49,23;49,54;1.035.131;51.641.352
2019-02-12;48,78;49,19;48,38;48,95;1.061.577;51.867.336
2019-02-11;47,55;48,12;47,11;47,56;750.843;35.726.732
2019-02-08;47,99;48,18;46,86;47,10;1.430.636;67.647.152
2019-02-07;50,12;50,12;48,05;48,05;1.495.223;72.876.480
2019-02-06;50,62;50,84;49,73;50,48;1.000.412;50.404.228
2019-02-05;48,88;50,66;48,61;50,52;1.226.216;61.540.400
2019-02-04;48,68;48,88;47,80;48,79;798.474;38.703.556
2019-02-01;48,36;49,40;47,80;48,55;1.088.766;52.822.964
2019-01-31;49,23;52,08;47,57;48,18;2.374.408;116.476.288
2019-01-30;47,00;49,88;47,00;48,99;2.136.097;104.579.848
2019-01-29;46,25;47,15;45,77;46,48;875.489;40.759.184
2019-01-28;47,37;47,60;45,98;46,31;1.061.779;49.364.768
2019-01-25;44,97;47,94;44,96;47,59;2.202.193;103.679.504
2019-01-24;44,97;45,39;43,84;45,36;1.699.213;76.391.136
2019-01-23;46,00;46,27;45,07;45,23;1.273.645;58.006.076
2019-01-22;45,78;47,15;45,70;46,19;1.545.275;71.362.672
2019-01-21;48,64;48,68;47,57;47,69;907.608;43.594.892
2019-01-18;47,27;48,50;47,11;48,48;1.702.946;81.612.504
2019-01-17;45,70;46,86;45,23;46,60;1.341.836;62.158.792
2019-01-16;45,30;46,31;45,13;46,25;1.421.516;65.171.068
2019-01-15;45,85;46,36;44,73;45,11;865.132;39.147.768
2019-01-14;44,68;45,51;44,35;45,18;1.017.734;45.927.264
2019-01-11;45,67;45,80;44,61;44,88;1.588.818;71.438.704
2019-01-10;46,60;46,60;45,38;45,55;1.583.542;72.504.336
2019-01-09;46,18;47,47;45,75;46,78;1.438.726;67.398.464
2019-01-08;44,99;46,39;43,78;45,84;1.754.973;79.559.672
2019-01-07;46,26;46,27;44,44;45,06;951.176;42.965.292
2019-01-04;43,46;45,44;43,26;45,34;1.399.264;62.616.888
2019-01-03;42,48;43,69;42,00;42,80;940.568;40.484.080
2019-01-02;43,15;43,17;41,49;42,90;922.765;39.300.176
2018-12-28;42,60;43,88;42,24;43,18;648.123;27.988.012
2018-12-27;43,60;44,17;41,57;42,13;933.259;39.627.352
2018-12-21;41,51;43,33;41,51;43,28;2.499.814;107.059.360
2018-12-20;42,50;42,71;41,42;41,90;1.576.720;66.187.716
2018-12-19;43,57;43,63;42,79;43,15;1.631.332;70.419.728
2018-12-18;42,43;44,5861;42,19;43,67;1.694.628;74.244.824
2018-12-17;43,32;43,60;41,62;42,91;1.590.635;67.584.112
2018-12-14;43,17;43,76;42,75;43,29;1.267.010;54.749.504
2018-12-13;44,90;45,22;43,51;43,66;1.566.754;69.010.872
2018-12-12;44,11;45,21;43,76;44,84;1.260.046;56.237.256
2018-12-11;44,85;45,50;43,78;44,56;1.506.044;67.326.696
2018-12-10;44,39;44,64;43,16;43,35;1.754.933;76.741.800
2018-12-07;46,17;46,70;44,94;45,22;1.724.304;78.379.568
2018-12-06;47,34;47,48;45,58;45,71;2.134.855;98.547.800
2018-12-05;47,88;49,21;47,36;48,44;1.493.369;72.240.008
2018-12-04;50,60;50,60;48,50;48,58;1.860.160;91.483.624
2018-12-03;53,00;53,14;50,82;50,88;1.381.834;71.324.776
2018-11-30;51,72;51,72;49,80;50,86;1.885.528;95.493.216
2018-11-29;51,22;52,02;50,92;51,34;1.309.361;67.422.768
2018-11-28;50,30;51,12;48,9201;50,70;1.954.302;98.427.928
2018-11-27;50,20;50,34;49,15;49,90;1.347.678;67.107.364
2018-11-26;48,64;50,40;48,58;50,04;2.301.484;114.022.088
2018-11-23;47,12;48,45;46,76;47,62;2.136.773;101.242.744
2018-11-22;49,78;49,79;47,53;47,88;1.778.109;85.687.264
2018-11-21;47,54;50,82;47,51;49,78;3.568.091;175.305.872
2018-11-20;55,38;55,38;46,81;47,20;4.268.401;213.687.728
2018-11-19;56,76;57,32;55,90;55,90;1.098.420;61.891.712
2018-11-16;57,74;58,48;56,14;56,36;1.321.939;75.099.632
2018-11-15;58,36;58,90;56,68;56,96;1.412.479;81.349.392
2018-11-14;58,70;59,96;57,10;58,34;1.441.183;84.427.448
2018-11-13;57,46;59,46;57,46;59,30;1.310.165;77.023.752
2018-11-12;58,06;58,54;57,14;57,42;1.147.060;65.946.576
2018-11-09;57,40;57,96;56,60;57,50;1.550.248;89.022.104
2018-11-08;59,74;59,86;57,98;58,00;1.246.126;72.981.176
2018-11-07;58,56;59,74;58,18;59,30;1.282.418;75.937.704
2018-11-06;58,78;59,78;58,02;58,04;1.368.519;80.109.992
2018-11-05;60,42;60,68;58,28;58,66;1.437.184;84.681.400
2018-11-02;60,00;61,48;60,00;60,16;2.217.100;134.568.928
2018-11-01;57,10;58,68;56,68;58,64;1.798.007;104.597.144
2018-10-31;56,18;57,56;55,70;57,12;1.803.550;102.744.168
2018-10-30;54,96;55,88;53,92;55,68;1.897.094;104.536.136
2018-10-29;52,64;55,94;52,56;55,02;2.621.103;143.576.416
2018-10-26;52,32;52,88;50,60;52,70;2.563.274;132.992.640
2018-10-25;53,00;55,26;51,82;54,00;3.642.486;195.979.136
2018-10-24;56,02;56,90;52,44;52,78;2.410.881;129.621.400
2018-10-23;56,48;56,62;54,84;55,44;1.782.649;98.803.320
2018-10-22;58,18;58,74;56,94;57,22;1.312.099;75.647.360
2018-10-19;60,00;60,02;56,76;57,56;1.802.679;104.243.408
2018-10-18;60,94;61,26;59,68;59,80;1.451.079;87.569.968
2018-10-17;63,50;64,20;60,40;61,00;1.624.713;99.984.384
2018-10-16;62,34;63,64;61,80;62,84;1.045.403;65.677.652
2018-10-15;61,78;62,62;61,50;62,26;815.234;50.719.448
2018-10-12;62,78;63,18;61,68;61,78;1.142.736;71.301.544
2018-10-11;61,00;63,00;60,94;61,72;1.642.876;101.948.288
2018-10-10;65,22;65,22;62,72;63,00;1.774.114;112.605.792
2018-10-09;66,88;67,22;65,22;65,36;1.207.727;79.451.936
2018-10-08;66,12;67,62;66,06;66,76;948.889;63.464.304
2018-10-05;68,60;68,60;66,60;66,60;1.240.889;83.147.416
2018-10-04;70,80;71,02;68,22;68,60;1.384.063;95.561.368
2018-10-02;71,00;71,74;70,60;71,02;712.967;50.669.144
2018-10-01;70,20;71,74;70,02;71,12;780.811;55.611.796
2018-09-28;70,22;70,56;69,30;69,86;1.111.412;77.727.072
2018-09-27;72,40;72,48;70,14;70,38;1.009.500;71.432.584
2018-09-26;72,62;73,02;72,36;72,68;754.590;54.887.624
2018-09-25;71,60;72,98;71,24;72,50;805.447;58.227.920
2018-09-24;71,28;72,24;71,02;71,72;693.480;49.772.084
2018-09-21;73,80;73,88;71,82;72,42;1.818.603;131.734.096
2018-09-20;70,50;73,50;70,42;73,24;1.492.511;108.364.848
2018-09-19;70,24;70,86;70,18;70,58;799.413;56.356.944
2018-09-18;69,14;70,30;68,92;70,02;839.557;58.696.496
2018-09-17;69,34;70,14;68,82;69,20;826.902;57.283.568
2018-09-14;68,90;69,84;68,64;69,72;792.340;54.915.592
2018-09-13;69,34;69,56;68,38;68,86;930.831;64.193.076
2018-09-12;69,24;70,24;68,50;69,18;1.238.147;85.811.696
2018-09-11;69,72;69,74;67,92;69,00;919.767;63.173.456
2018-09-10;69,86;69,90;68,98;69,44;721.778;50.160.612
2018-09-07;69,40;69,88;69,06;69,68;858.965;59.705.300
2018-09-06;70,74;70,94;69,28;69,32;1.232.595;86.139.192
2018-09-05;72,38;72,38;70,70;70,94;1.560.230;111.366.040
2018-09-04;73,52;74,00;72,14;72,66;992.220;72.205.976
2018-09-03;73,12;73,68;72,30;73,08;731.215;53.338.296
2018-08-31;74,00;74,00;73,22;73,38;962.489;70.725.000
2018-08-30;75,30;75,46;73,18;74,18;1.269.223;94.046.088
2018-08-29;77,00;77,14;75,10;75,60;1.275.443;96.701.016
2018-08-28;79,88;80,16;76,82;77,16;1.073.552;83.652.008
2018-08-27;79,18;79,80;78,66;79,58;433.688;34.391.164
2018-08-24;77,90;78,78;77,66;78,62;469.989;36.880.604
2018-08-23;78,16;78,64;77,22;77,72;531.441;41.293.180
2018-08-22;78,52;79,56;77,80;78,48;581.399;45.749.352
2018-08-21;77,80;78,96;77,80;78,88;643.308;50.627.376
2018-08-20;77,12;78,12;77,06;77,84;461.704;35.934.836
2018-08-17;77,52;77,58;76,30;76,72;682.038;52.398.792
2018-08-16;77,38;77,72;76,66;77,56;846.399;65.379.668
2018-08-15;79,52;79,74;76,16;76,48;813.063;62.919.972
2018-08-14;79,10;79,52;78,70;79,12;517.506;40.963.900
2018-08-13;77,38;79,04;77,20;78,58;635.278;49.806.476
2018-08-10;79,24;79,38;77,26;77,64;979.764;76.375.984
2018-08-09;80,36;80,50;79,04;79,78;693.932;55.299.296
2018-08-08;80,48;81,18;80,04;80,50;460.763;37.138.756
2018-08-07;80,56;81,20;80,22;80,60;432.965;34.916.128
2018-08-06;80,14;80,84;79,48;80,10;462.916;37.041.676
2018-08-03;80,62;80,76;79,78;79,82;494.069;39.588.456
2018-08-02;80,96;81,00;79,42;80,36;731.925;58.696.608
2018-08-01;82,38;82,48;81,20;81,42;671.622;54.792.336
2018-07-31;82,56;82,58;81,28;82,10;699.983;57.443.032
2018-07-30;82,26;83,10;82,02;82,32;606.528;50.029.888
2018-07-27;82,50;83,98;82,04;82,36;789.961;65.316.652
2018-07-26;81,60;82,52;80,52;82,02;1.200.249;98.271.448
2018-07-25;81,06;81,74;79,80;80,14;836.824;67.482.216
2018-07-24;79,50;81,10;79,50;80,86;699.128;56.406.716
2018-07-23;79,80;80,06;79,24;79,56;484.270;38.559.128
2018-07-20;80,62;81,06;79,20;80,22;584.105;46.839.432
2018-07-19;81,60;81,78;80,56;80,86;613.097;49.691.804
2018-07-18;79,50;81,64;79,48;81,52;1.206.914;97.905.952
2018-07-17;77,28;79,28;77,24;79,28;1.065.577;83.734.312
2018-07-16;76,54;77,26;76,28;76,90;468.628;36.004.700
2018-07-13;76,48;76,88;76,22;76,66;726.530;55.648.308
2018-07-12;76,02;76,36;75,52;76,18;537.411;40.870.748
2018-07-11;76,10;76,22;75,44;75,74;635.279;48.125.676
2018-07-10;75,62;76,84;75,06;76,84;897.691;68.540.792
2018-07-09;75,94;76,00;74,66;75,20;655.561;49.269.176
2018-07-06;75,30;75,38;74,46;75,38;1.046.359;78.554.680
2018-07-05;73,40;75,08;73,24;74,84;831.774;62.093.468
2018-07-04;74,68;74,68;73,32;73,50;914.465;67.385.480
2018-07-03;76,36;76,36;74,42;74,74;992.281;74.494.216
2018-07-02;75,26;76,14;74,60;75,24;1.084.612;81.748.264
2018-06-29;75,40;76,58;74,76;76,42;1.633.358;124.351.160
2018-06-28;74,18;75,40;72,82;73,70;1.727.923;127.379.408
2018-06-27;74,30;74,84;72,42;74,36;1.455.209;107.497.680
2018-06-26;72,58;73,48;72,30;72,66;1.314.478;95.837.960
2018-06-25;73,78;73,78;71,42;71,88;1.386.971;100.241.320
2018-06-22;73,04;74,62;73,00;73,92;1.364.625;100.917.040
2018-06-21;75,28;75,48;72,22;72,70;1.640.387;120.087.416
2018-06-20;74,66;75,48;74,54;74,94;1.075.817;80.685.760
2018-06-19;74,74;75,00;73,62;74,20;1.388.390;103.235.856
2018-06-18;76,64;76,96;75,18;75,58;1.191.133;90.152.384
2018-06-15;77,76;78,22;76,84;76,90;2.176.093;168.150.096
2018-06-14;77,56;78,26;76,74;77,60;1.621.799;125.584.544
2018-06-13;78,18;78,72;77,82;78,04;1.014.819;79.422.520
2018-06-12;79,52;80,18;77,96;78,02;1.056.210;82.939.816
2018-06-11;78,68;79,64;78,50;78,92;881.335;69.557.096
2018-06-08;77,58;78,56;77,22;78,12;1.124.162;87.645.680
2018-06-07;79,30;80,08;78,10;78,48;994.621;78.406.472
2018-06-06;78,84;79,10;78,04;79,00;851.022;67.019.008
2018-06-05;78,50;79,62;78,22;78,48;1.298.346;102.486.528
2018-06-04;79,80;80,24;78,70;79,32;736.959;58.405.212
2018-06-01;78,08;79,04;77,72;79,00;823.861;64.810.720
2018-05-31;79,20;79,40;77,26;77,94;1.870.215;146.021.840
2018-05-30;77,40;77,92;76,92;77,50;863.142;66.748.208
2018-05-29;78,60;78,90;77,10;77,30;1.137.775;88.217.120
2018-05-28;78,90;79,52;78,48;79,20;471.291;37.260.804
2018-05-25;77,30;79,04;77,30;78,58;1.084.625;84.994.480
2018-05-24;77,02;78,24;76,40;77,20;1.446.437;111.935.128
2018-05-23;78,50;78,92;76,98;77,40;1.178.835;91.363.656
2018-05-22;79,78;79,88;78,34;79,00;928.301;73.374.072
2018-05-18;80,24;80,74;79,44;79,44;927.723;74.175.672
2018-05-17;79,00;80,06;78,72;80,06;1.129.803;89.717.240
2018-05-16;78,94;79,24;78,44;78,90;948.040;74.814.088
2018-05-15;78,76;79,62;78,30;78,48;1.306.577;103.087.112
2018-05-14;78,48;78,86;77,52;78,74;994.912;78.033.296
2018-05-11;77,84;78,60;77,18;77,98;1.289.170;100.440.840
2018-05-10;77,88;77,94;76,68;77,68;833.912;64.613.488
2018-05-09;76,64;78,02;76,50;77,70;1.828.994;141.638.112
2018-05-08;76,60;77,02;76,08;76,52;4.427.783;338.842.560
2018-05-07;75,00;76,62;74,86;76,24;1.736.721;131.425.176
2018-05-04;76,00;76,46;74,38;74,54;4.742.541;357.536.256
2018-05-03;76,72;76,72;75,66;76,48;1.038.453;79.291.224
2018-05-02;75,26;77,58;75,12;76,76;1.170.226;89.743.376
2018-04-30;75,82;76,32;75,36;75,56;889.357;67.352.440
2018-04-27;75,10;76,18;74,50;75,96;1.290.415;97.483.744
2018-04-26;77,60;77,60;73,50;74,50;2.729.015;205.113.248
2018-04-25;79,46;79,92;76,74;77,76;1.228.675;95.865.872
2018-04-24;81,00;81,38;79,22;80,00;774.654;62.256.112
2018-04-23;81,18;81,52;80,24;80,92;606.373;49.075.716
2018-04-20;81,82;81,98;80,78;81,10;912.747;74.203.720
2018-04-19;82,70;82,80;81,16;81,84;578.221;47.311.756
2018-04-18;81,20;82,26;80,90;82,10;966.124;78.955.096
2018-04-17;79,28;81,24;79,04;80,92;1.264.657;101.819.344
2018-04-16;78,86;79,08;78,32;78,56;741.350;58.368.724
2018-04-13;81,02;81,68;79,34;80,08;914.810;73.671.056
2018-04-12;79,48;80,66;79,28;80,22;1.014.462;81.301.176
2018-04-11;81,00;81,84;78,94;79,12;939.630;75.366.328
2018-04-10;80,00;81,56;79,52;81,36;968.271;78.186.608
2018-04-09;80,74;81,18;78,72;79,02;634.432;50.486.052
2018-04-06;80,50;80,68;79,26;80,16;842.343;67.468.328
2018-04-05;80,10;81,36;80,10;81,26;804.411;65.101.840
2018-04-04;79,38;79,68;77,56;78,86;845.567;66.442.240
2018-04-03;79,00;79,76;78,16;79,46;994.377;78.560.056
2018-03-29;79,58;80,18;78,94;79,86;1.066.437;84.948.696
2018-03-28;80,18;80,40;78,82;79,44;867.405;69.030.768
2018-03-27;81,78;82,36;80,76;81,40;940.415;76.614.168
2018-03-26;81,90;82,56;79,86;80,10;765.885;62.109.076
2018-03-23;82,10;82,78;80,62;81,86;914.537;74.838.736
2018-03-22;84,08;84,78;82,60;83,10;1.092.824;91.457.960
2018-03-21;84,80;85,14;83,66;84,88;956.227;80.852.184
2018-03-20;82,20;84,38;81,82;84,18;1.269.074;106.119.344
2018-03-19;82,54;83,16;81,22;81,60;1.322.484;108.319.248
2018-03-16;84,42;84,72;82,30;82,30;6.195.538;510.896.320
2018-03-15;85,36;85,58;82,40;84,38;1.359.404;114.060.080
2018-03-14;87,00;87,40;85,04;85,34;789.450;67.874.488
2018-03-13;87,20;88,90;86,36;86,82;771.373;67.533.576
2018-03-12;89,04;89,70;86,74;87,12;670.274;58.861.124
2018-03-09;87,32;88,66;86,30;88,04;767.017;67.396.720
2018-03-08;89,10;89,24;86,56;87,80;919.562;80.850.520
2018-03-07;88,20;89,46;87,74;89,16;685.680;60.901.552
2018-03-06;92,00;92,34;88,00;88,46;1.234.463;110.845.880
2018-03-05;85,42;88,64;84,82;88,26;804.371;70.605.480
2018-03-02;88,34;88,34;86,14;86,42;938.861;81.589.832
2018-03-01;94,12;94,24;89,14;89,42;955.868;87.049.872
2018-02-28;91,56;94,16;91,32;93,34;1.436.468;133.856.864
2018-02-27;91,24;92,26;91,06;91,70;1.086.199;99.561.520
2018-02-26;94,28;94,64;91,96;92,54;686.816;63.951.024
2018-02-23;95,00;95,36;93,08;93,54;846.794;79.685.312
2018-02-22;93,90;95,76;93,20;94,82;1.017.216;96.502.472
2018-02-21;93,58;94,70;93,16;94,02;830.291;77.991.848
2018-02-20;93,30;93,60;90,64;93,00;1.178.389;109.012.160
2018-02-19;91,00;91,12;89,38;90,00;601.246;54.160.536
2018-02-16;89,92;90,80;89,34;90,06;671.860;60.560.360
2018-02-15;89,08;89,70;88,00;89,06;808.200;71.908.744
2018-02-14;86,50;87,86;85,46;87,14;807.111;70.053.560
2018-02-13;85,78;86,10;84,90;85,58;516.651;44.188.652
2018-02-12;85,18;86,30;85,00;85,58;704.193;60.346.132
2018-02-09;85,02;85,30;81,38;83,64;1.150.603;96.220.888
2018-02-08;89,62;89,78;84,66;85,06;1.061.289;91.978.400
2018-02-07;88,50;90,16;87,16;89,98;1.001.239;89.266.208
2018-02-06;85,50;88,76;84,46;87,28;1.298.711;113.341.280
2018-02-05;88,74;89,44;86,88;89,32;1.172.220;103.727.008
2018-02-02;92,20;92,26;89,52;89,52;764.043;69.025.176
2018-02-01;93,20;93,92;91,56;92,36;786.394;72.839.968
2018-01-31;93,98;94,76;92,44;92,58;800.719;74.644.640
2018-01-30;93,80;94,28;93,22;93,76;627.707;58.909.468
2018-01-29;94,56;94,90;94,16;94,30;468.757;44.297.712
2018-01-26;94,80;95,00;93,64;94,20;621.016;58.522.320
2018-01-25;93,16;94,18;92,24;94,00;774.331;72.411.936
2018-01-24;93,94;94,14;93,00;93,16;721.050;67.284.784
2018-01-23;95,00;95,20;93,02;93,48;746.903;70.015.840
2018-01-22;95,30;95,60;93,24;93,60;615.544;58.059.304
2018-01-19;94,06;95,78;93,84;95,00;981.561;93.241.384
2018-01-18;93,66;94,36;93,06;93,44;941.126;88.136.000
2018-01-17;92,60;93,42;92,06;93,22;847.804;78.804.152
2018-01-16;92,82;92,82;91,32;92,18;725.875;66.872.684
2018-01-15;91,10;92,40;90,70;92,00;4.468.265;410.815.840
2018-01-12;88,98;91,26;88,48;90,76;1.667.732;151.084.784
2018-01-11;87,10;88,56;87,02;88,52;2.569.233;225.603.456
2018-01-10;88,20;89,04;87,58;88,46;662.423;58.445.952
2018-01-09;87,18;88,40;86,80;88,32;676.602;59.524.020
2018-01-08;88,30;88,88;87,12;87,20;823.032;72.294.584
2018-01-05;88,40;89,00;87,28;88,30;723.803;63.901.304
2018-01-04;87,40;88,84;87,34;88,42;738.912;65.174.820
2018-01-03;85,74;87,18;85,44;86,76;532.976;46.152.976
2018-01-02;86,14;86,38;84,62;85,64;438.798;37.552.536
2017-12-29;87,27;87,36;86,03;86,03;308.843;26.746.282
2017-12-28;87,31;87,64;86,69;86,77;292.173;25.436.118
2017-12-27;86,22;87,71;86,15;87,33;398.098;34.591.272
2017-12-22;86,95;87,14;86,01;86,25;328.018;28.306.358
2017-12-21;86,47;87,15;85,77;87,12;476.185;41.300.756
2017-12-20;88,63;88,67;86,43;86,64;554.571;48.455.444
2017-12-19;87,22;88,65;87,22;88,20;582.503;51.406.680
2017-12-18;87,19;87,66;86,41;87,16;588.880;51.263.696
2017-12-15;85,36;86,87;85,01;86,41;1.179.101;101.670.760
2017-12-14;85,96;86,34;84,90;85,44;587.334;50.237.112
2017-12-13;84,23;85,44;83,30;84,98;688.424;58.214.908
2017-12-12;84,49;85,06;82,96;83,80;597.248;50.171.860
2017-12-11;84,11;84,29;83,42;83,50;454.156;38.063.768
2017-12-08;83,12;84,25;82,77;83,80;472.008;39.466.548
2017-12-07;83,50;83,64;82,06;82,55;491.256;40.624.024
2017-12-06;83,00;83,70;81,95;83,29;715.366;59.376.004
2017-12-05;85,41;85,72;83,34;83,75;637.089;53.586.068
2017-12-04;86,69;86,90;84,49;85,14;542.299;46.220.426
2017-12-01;87,74;88,01;85,21;85,36;560.523;48.221.896
2017-11-30;86,50;88,17;85,69;87,50;1.540.537;134.816.320
2017-11-29;86,28;88,41;86,12;86,99;744.378;64.991.212
2017-11-28;85,01;85,91;84,71;85,56;541.147;46.244.072
2017-11-27;85,72;86,89;84,57;84,64;546.438;46.704.624
2017-11-24;84,43;85,87;84,08;85,42;429.583;36.630.980
2017-11-23;83,09;84,88;82,93;84,34;338.820;28.589.442
2017-11-22;85,00;85,10;83,55;83,55;545.617;45.924.696
2017-11-21;83,00;85,29;82,22;84,65;736.131;61.908.376
2017-11-20;81,04;82,37;80,18;82,27;344.277;28.102.720
2017-11-17;82,46;82,46;81,29;81,34;332.661;27.150.766
2017-11-16;80,65;82,42;80,64;82,20;394.780;32.312.788
2017-11-15;80,77;81,03;79,39;80,50;513.904;41.259.404
2017-11-14;82,30;83,17;80,81;81,41;483.909;39.596.304
2017-11-13;82,41;82,79;80,41;81,00;538.336;43.779.600
2017-11-10;81,54;83,12;81,35;81,92;585.929;48.000.308
2017-11-09;83,99;84,63;80,79;81,78;735.383;60.639.576
2017-11-08;83,49;83,95;83,26;83,93;487.730;40.841.280
2017-11-07;83,14;83,85;82,90;83,20;534.365;44.486.712
2017-11-06;83,92;83,97;82,88;82,88;357.609;29.704.452
2017-11-03;82,59;83,87;82,31;83,81;421.230;35.092.932
2017-11-02;82,65;83,43;82,29;82,62;509.025;42.096.608
2017-11-01;83,41;83,55;81,52;82,92;641.740;53.152.388
2017-10-30;83,26;83,50;82,13;82,36;636.946;52.610.852
2017-10-27;80,01;82,22;80,00;81,65;672.876;54.768.904
2017-10-26;79,29;79,97;77,99;79,91;502.141;39.811.180
2017-10-25;80,98;80,99;77,91;78,52;748.745;59.067.860
2017-10-24;75,05;78,68;74,90;78,00;1.401.123;107.563.560
2017-10-23;72,31;72,38;71,69;72,12;437.844;31.556.408
2017-10-20;71,11;72,80;70,78;71,83;381.640;27.448.728
2017-10-19;71,65;71,70;70,30;71,01;400.531;28.389.164
2017-10-18;71,74;72,81;71,55;71,80;321.272;23.150.486
2017-10-17;72,10;72,38;71,20;71,84;266.323;19.121.588
2017-10-16;72,84;72,92;72,04;72,09;221.485;16.038.626
2017-10-13;71,94;73,20;71,54;72,90;323.824;23.521.330
2017-10-12;71,27;72,62;70,69;71,93;399.356;28.674.930
2017-10-11;70,73;71,18;70,70;70,95;346.069;24.553.412
2017-10-10;71,62;71,87;70,55;70,77;296.018;21.009.894
2017-10-09;71,55;71,98;71,38;71,78;212.980;15.287.344
2017-10-06;72,20;72,22;71,43;71,54;249.499;17.870.626
2017-10-05;72,45;72,50;71,73;71,97;356.096;25.665.384
2017-10-04;72,44;72,73;71,58;72,45;492.598;35.566.832
2017-10-02;72,89;73,00;71,64;72,17;446.345;32.246.102
2017-09-29;75,00;75,71;72,22;72,75;835.970;61.237.660
2017-09-28;72,27;72,57;71,82;72,48;257.347;18.599.478
2017-09-27;72,23;73,05;71,87;72,16;549.807;39.758.236
2017-09-26;71,07;72,15;71,07;72,04;473.079;33.928.864
2017-09-25;71,65;71,88;71,15;71,20;275.980;19.703.004
2017-09-22;71,16;71,87;70,84;71,55;319.902;22.888.830
2017-09-21;70,84;71,82;70,75;71,33;600.318;42.781.572
2017-09-20;72,09;72,09;70,70;70,85;473.410;33.675.080
2017-09-19;70,05;72,15;69,99;71,82;1.080.176;76.951.144
2017-09-18;69,92;70,44;68,97;69,89;761.468;53.179.872
2017-09-15;69,17;69,91;68,66;69,57;1.371.086;95.277.360
2017-09-14;68,30;69,20;67,62;68,95;875.515;59.966.924
2017-09-13;66,18;68,79;65,83;68,16;4.360.570;293.512.864
2017-09-12;65,26;65,88;65,26;65,70;353.726;23.222.288
2017-09-11;64,76;65,67;64,61;64,90;434.306;28.283.542
2017-09-08;63,71;64,34;63,17;64,34;327.425;20.918.568
2017-09-07;64,00;64,96;63,65;63,70;398.760;25.542.070
2017-09-06;63,95;64,66;63,23;63,66;535.083;34.153.392
2017-09-05;65,44;65,49;63,94;63,97;540.635;34.820.680
2017-09-04;65,99;66,10;65,20;65,44;261.411;17.133.720
2017-09-01;66,08;66,85;65,93;66,47;472.354;31.389.812
2017-08-31;66,50;67,00;65,55;66,01;526.365;34.762.444
2017-08-30;66,64;66,79;65,80;66,24;373.277;24.685.246
2017-08-29;67,81;68,13;66,11;66,23;557.569;37.325.648
2017-08-28;68,43;68,43;67,48;67,95;205.174;13.960.167
2017-08-25;68,68;69,11;68,50;68,56;302.639;20.798.640
2017-08-24;67,99;70,00;67,91;68,35;644.604;44.285.940
2017-08-23;67,00;67,70;66,57;67,70;387.242;26.089.808
2017-08-22;66,91;67,08;66,43;67,02;319.510;21.346.022
2017-08-21;67,20;67,88;66,13;66,43;327.391;21.874.384
2017-08-18;65,76;67,90;65,52;67,34;628.256;42.134.512
2017-08-17;66,42;66,72;65,85;66,20;362.063;23.954.250
2017-08-16;65,73;66,75;65,72;66,47;315.498;20.967.126
2017-08-15;65,30;65,73;64,82;65,35;261.364;17.054.630
2017-08-14;65,50;66,44;65,35;65,73;236.905;15.606.584
2017-08-11;65,32;65,44;64,44;65,00;312.703;20.282.342
2017-08-10;66,60;66,80;65,25;65,74;364.203;23.996.144
2017-08-09;66,81;66,96;66,11;66,60;377.676;25.131.002
2017-08-08;67,00;67,54;66,46;67,24;307.173;20.589.566
2017-08-07;67,00;67,29;66,83;66,98;228.447;15.310.060
2017-08-04;66,51;66,90;66,23;66,90;334.959;22.349.148
2017-08-03;66,70;66,99;66,13;66,69;259.234;17.277.962
2017-08-02;67,25;67,25;66,16;66,69;340.282;22.671.476
2017-08-01;65,87;66,88;65,58;66,80;346.177;23.002.084
2017-07-31;66,59;66,89;65,57;65,62;454.005;29.944.548
2017-07-28;66,72;66,72;65,33;66,51;301.703;19.958.360
2017-07-27;66,58;67,74;66,52;66,89;539.560;36.176.504
2017-07-26;64,65;67,33;64,40;66,72;875.597;58.199.480
2017-07-25;66,40;66,50;63,62;64,71;905.155;58.445.420
2017-07-24;64,11;65,31;63,80;65,31;679.842;44.036.772
2017-07-21;64,78;65,91;63,55;63,95;530.396;34.156.648
2017-07-20;66,37;66,54;64,78;64,98;568.853;37.213.128
2017-07-19;65,47;66,44;65,36;65,94;434.423;28.638.956
2017-07-18;65,22;65,40;64,06;65,40;533.610;34.666.432
2017-07-17;64,60;65,52;64,47;65,36;365.983;23.839.440
2017-07-14;64,50;65,24;64,11;64,60;463.476;29.972.462
2017-07-13;64,55;65,12;64,15;64,31;383.283;24.728.104
2017-07-12;65,24;65,24;63,30;64,47;685.953;43.954.696
2017-07-11;65,40;66,13;64,13;64,82;527.754;34.209.520
2017-07-10;63,79;64,67;63,30;64,58;323.637;20.814.378
2017-07-07;63,64;63,92;62,90;63,42;383.605;24.344.176
2017-07-06;63,84;63,98;62,96;63,46;440.529;27.944.980
2017-07-05;62,83;63,90;62,70;63,83;525.882;33.393.976
2017-07-04;63,50;63,60;62,61;62,83;338.839;21.315.268
2017-07-03;63,30;63,98;62,91;63,71;447.460;28.396.876
2017-06-30;63,42;64,42;61,95;63,21;865.287;54.690.432
2017-06-29;67,21;67,21;63,23;63,43;970.201;62.212.016
2017-06-28;66,90;66,92;66,04;66,65;539.302;35.904.632
2017-06-27;66,02;67,00;65,61;66,91;648.530;43.215.592
2017-06-26;65,05;66,20;65,05;65,78;371.294;24.428.698
2017-06-23;66,03;66,31;64,79;64,95;403.744;26.285.470
2017-06-22;66,25;66,42;65,37;65,94;421.871;27.816.664
2017-06-21;66,23;66,61;65,77;66,47;514.404;34.076.620
2017-06-20;67,49;67,68;65,86;65,99;630.483;41.940.888
2017-06-19;66,03;66,93;65,83;66,93;605.516;40.310.996
2017-06-16;65,27;66,87;65,12;65,63;1.276.195;83.755.896
2017-06-15;65,16;65,16;64,04;64,96;606.409;39.250.528
2017-06-14;65,91;66,05;64,83;65,06;569.112;37.141.124
2017-06-13;64,62;65,26;64,47;65,26;659.603;42.876.376
2017-06-12;64,32;64,67;63,54;64,30;625.965;40.147.416
2017-06-09;64,14;64,62;63,72;64,40;1.846.864;118.837.712
2017-06-08;63,50;64,19;63,27;63,90;1.038.828;66.264.036
2017-06-07;62,45;63,78;62,30;62,98;3.565.446;224.763.264
2017-06-06;67,00;67,41;65,83;66,03;391.114;25.958.050
2017-06-02;67,05;68,17;66,73;67,33;595.207;40.061.716
2017-06-01;66,57;68,38;65,20;67,00;689.474;46.488.064
2017-05-31;66,16;66,99;65,83;66,58;656.067;43.644.864
2017-05-30;65,56;66,48;65,49;66,16;289.746;19.174.902
2017-05-29;65,54;66,20;65,13;65,64;135.430;8.907.513
2017-05-26;66,11;66,25;65,24;65,67;271.368;17.813.134
2017-05-25;66,58;66,89;65,21;65,97;289.913;19.137.722
2017-05-24;67,00;67,32;66,11;66,39;441.463;29.421.692
2017-05-23;66,00;67,08;65,47;66,98;549.787;36.561.340
2017-05-22;66,80;67,09;66,13;66,30;328.508;21.838.038
2017-05-19;66,47;67,66;66,24;66,80;429.813;28.768.202
2017-05-18;65,87;66,58;64,95;66,22;548.344;36.085.516
2017-05-17;65,99;66,66;65,21;65,79;604.007;39.824.348
2017-05-16;65,84;66,60;65,33;66,31;613.195;40.515.296
2017-05-15;64,66;66,24;64,66;65,76;392.749;25.756.992
2017-05-12;66,60;68,19;64,51;65,06;751.988;49.536.332
2017-05-11;69,10;69,70;65,96;66,46;1.031.748;69.589.920
2017-05-10;71,08;71,47;69,12;69,20;570.282;39.893.184
2017-05-09;71,00;71,45;70,25;71,10;444.715;31.563.260
2017-05-08;72,25;72,25;70,56;71,16;437.118;31.085.198
2017-05-05;72,40;72,81;71,76;72,11;399.396;28.813.910
2017-05-04;70,07;72,42;69,62;72,42;582.912;41.652.468
2017-05-03;71,46;72,25;70,11;71,14;649.843;46.077.212
2017-05-02;72,09;72,44;70,93;71,60;635.971;45.527.316
2017-04-28;70,89;71,80;70,80;71,56;528.755;37.781.144
2017-04-27;71,25;72,43;70,20;71,37;560.306;39.948.124
2017-04-26;71,99;72,92;70,07;70,90;732.393;52.167.532
2017-04-25;75,45;75,50;71,10;72,40;669.820;48.747.516
2017-04-24;73,86;74,51;73,23;73,84;508.454;37.535.600
2017-04-21;72,63;73,35;72,28;72,50;366.172;26.593.968
2017-04-20;72,19;72,85;71,87;72,50;401.777;29.071.630
2017-04-19;73,12;73,51;72,23;72,42;289.189;21.032.732
2017-04-18;75,41;75,41;72,42;72,81;456.519;33.442.040
2017-04-13;74,20;75,55;73,43;75,39;385.271;28.801.310
2017-04-12;75,60;75,87;74,25;74,25;329.472;24.641.200
2017-04-11;75,62;76,20;74,53;75,42;467.887;35.358.096
2017-04-10;76,35;76,46;75,27;75,78;335.030;25.385.188
2017-04-07;75,00;76,22;74,70;76,22;390.301;29.582.184
2017-04-06;74,56;75,60;74,43;75,21;393.065;29.517.264
2017-04-05;74,75;75,52;73,65;75,12;490.585;36.754.688
2017-04-04;73,13;74,85;72,65;74,64;512.457;37.953.860
2017-04-03;72,30;73,77;72,12;73,00;492.673;35.975.892
2017-03-31;72,09;73,16;71,00;72,16;477.856;34.384.248
2017-03-30;70,85;72,01;70,85;72,01;395.352;28.272.722
2017-03-29;70,46;71,31;70,22;70,85;491.012;34.796.980
2017-03-28;68,51;70,16;68,26;70,10;475.500;33.002.600
2017-03-27;67,83;68,32;67,17;68,03;299.880;20.353.660
2017-03-24;68,81;69,46;68,06;68,55;341.545;23.441.152
2017-03-23;68,33;68,81;67,95;68,81;306.409;20.986.550
2017-03-22;67,75;68,71;66,30;68,13;691.071;46.783.584
2017-03-21;70,47;71,13;67,52;67,82;641.660;44.114.260
2017-03-20;70,00;70,28;69,53;70,13;312.665;21.887.668
2017-03-17;70,14;70,14;69,41;70,07;1.371.360;96.014.648
2017-03-16;70,85;71,04;69,02;70,26;483.289;33.977.944
2017-03-15;70,14;71,00;69,93;70,09;645.323;45.410.612
2017-03-14;70,31;70,70;69,84;70,19;546.583;38.407.260
2017-03-13;70,35;70,87;70,16;70,50;404.470;28.496.948
2017-03-10;70,19;70,50;69,66;70,15;500.118;35.079.828
2017-03-09;70,07;70,24;69,04;69,72;628.595;43.778.904
2017-03-08;69,39;70,43;69,15;70,04;766.406;53.541.020
2017-03-07;68,48;69,19;68,17;69,19;989.273;68.086.392
2017-03-06;67,84;68,24;67,25;68,20;594.414;40.351.488
2017-03-03;67,02;68,03;67,02;67,75;2.387.212;161.745.120
2017-03-02;66,43;67,57;65,93;67,21;1.409.811;94.483.920
2017-03-01;65,00;66,58;65,00;66,30;4.789.430;315.601.504
2017-02-28;71,70;71,70;70,86;71,07;404.324;28.771.196
2017-02-27;70,77;71,06;70,13;70,87;242.693;17.137.154
2017-02-24;71,39;71,66;69,14;70,34;522.516;36.686.884
2017-02-23;70,96;73,27;70,81;71,83;599.356;43.299.868
2017-02-22;70,50;71,00;69,35;70,59;702.506;49.420.516
2017-02-21;69,47;70,33;69,02;69,55;671.514;46.846.660
2017-02-20;71,09;71,09;67,82;69,00;856.560;59.162.556
2017-02-17;72,50;72,92;71,26;72,10;289.308;20.806.950
2017-02-16;71,69;72,48;71,27;72,48;287.391;20.717.164
2017-02-15;72,10;72,20;70,98;72,07;276.454;19.846.002
2017-02-14;70,00;72,24;69,52;72,14;361.908;25.873.436
2017-02-13;71,60;71,94;71,13;71,48;174.024;12.440.377
2017-02-10;70,54;71,32;70,35;71,32;242.508;17.211.684
2017-02-09;69,57;70,24;68,78;70,09;356.220;24.810.700
2017-02-08;70,25;70,92;68,74;69,16;454.306;31.568.748
2017-02-07;69,30;70,19;68,70;70,10;280.417;19.594.628
2017-02-06;70,07;70,22;68,77;69,26;340.281;23.635.616
2017-02-03;69,99;70,87;69,26;70,51;370.630;26.098.352
2017-02-02;69,44;70,20;69,27;69,96;322.892;22.555.232
2017-02-01;69,63;70,44;69,34;69,52;381.999;26.671.442
2017-01-31;69,17;70,81;69,17;69,49;376.765;26.360.432
2017-01-30;70,38;70,40;68,89;69,39;232.002;16.143.537
2017-01-27;69,85;70,86;69,19;70,50;280.961;19.754.644
2017-01-26;70,93;71,19;69,22;70,05;459.280;32.160.224
2017-01-25;68,91;70,56;68,90;70,56;552.418;38.701.544
2017-01-24;67,47;68,71;67,42;68,55;366.916;25.039.638
2017-01-23;68,30;68,68;67,02;67,20;452.511;30.530.560
2017-01-20;66,21;68,78;65,60;68,65;666.932;45.366.364
2017-01-19;67,04;67,45;66,22;66,63;320.281;21.345.370
2017-01-18;65,38;67,05;65,38;66,78;573.240;38.103.508
2017-01-17;63,80;65,80;63,46;65,16;532.585;34.370.096
2017-01-16;63,32;64,21;63,25;63,89;279.818;17.858.304
2017-01-13;63,67;63,97;63,29;63,38;329.140;20.913.830
2017-01-12;62,64;63,91;62,19;63,45;375.008;23.783.808
2017-01-11;64,36;64,56;62,97;63,82;368.104;23.502.476
2017-01-10;62,33;64,39;61,40;64,09;658.852;41.675.372
2017-01-09;62,60;62,73;61,69;62,07;265.115;16.443.821
2017-01-06;62,81;63,68;62,25;62,40;336.092;21.063.858
2017-01-05;61,98;62,81;61,07;62,76;519.125;32.444.728
2017-01-04;64,86;64,89;61,79;62,15;759.492;47.796.936
2017-01-03;65,10;65,35;64,38;64,94;382.684;24.839.368
2017-01-02;64,88;65,08;64,12;64,99;250.861;16.275.230
2016-12-30;65,10;65,47;64,85;65,18;225.474;14.694.058
2016-12-29;67,33;67,33;64,70;65,28;397.536;26.045.338
2016-12-28;67,15;67,91;66,83;67,50;299.473;20.138.510
2016-12-27;66,70;67,14;66,21;67,01;94.336;6.307.386
2016-12-23;66,23;66,74;66,04;66,62;165.107;10.976.423
2016-12-22;65,72;66,41;65,19;66,22;269.150;17.735.246
2016-12-21;64,40;65,95;64,30;65,62;331.665;21.683.728
2016-12-20;65,15;65,75;63,76;64,22;427.776;27.530.252
2016-12-19;64,25;64,78;63,77;64,57;351.895;22.678.100
2016-12-16;64,32;64,99;64,01;64,30;655.078;42.202.852
2016-12-15;63,58;64,63;63,01;64,07;523.132;33.420.072
2016-12-14;64,00;65,81;63,79;64,20;635.064;41.147.896
2016-12-13;63,28;64,16;62,33;63,98;552.386;35.096.188
2016-12-12;63,31;64,27;62,70;63,13;422.192;26.794.148
2016-12-09;64,07;64,19;62,62;63,09;378.214;23.967.136
2016-12-08;63,15;64,21;62,16;63,92;507.376;32.145.202
2016-12-07;63,00;63,04;61,76;62,77;566.973;35.415.176
2016-12-06;62,70;63,21;61,67;62,45;387.441;24.217.670
2016-12-05;60,20;62,64;60,20;62,41;652.617;40.301.712
2016-12-02;59,75;60,53;59,25;59,55;544.963;32.619.094
2016-12-01;60,98;61,54;59,90;60,42;476.137;28.850.538
2016-11-30;58,89;60,91;58,80;60,63;846.409;50.909.328
2016-11-29;58,61;59,42;58,35;58,75;387.965;22.803.072
2016-11-28;59,91;59,91;58,40;58,60;314.164;18.494.058
2016-11-25;59,99;60,27;59,37;59,93;214.570;12.834.811
2016-11-24;59,13;59,95;58,95;59,88;287.225;17.096.386
2016-11-23;58,50;59,38;58,46;59,11;408.838;24.144.342
2016-11-22;58,45;58,53;57,69;58,25;422.898;24.616.504
2016-11-21;57,40;58,06;56,61;57,85;394.836;22.767.042
2016-11-18;58,11;58,87;57,65;58,09;355.605;20.727.814
2016-11-17;56,85;58,35;56,49;58,00;342.492;19.699.772
2016-11-16;57,65;58,39;56,55;56,84;444.540;25.540.714
2016-11-15;56,56;57,59;55,26;57,54;438.845;24.895.750
2016-11-14;56,21;57,42;56,18;56,45;475.431;26.975.638
2016-11-11;56,31;56,65;55,38;55,66;321.110;17.906.330
2016-11-10;58,74;59,05;55,80;55,84;630.664;36.049.092
2016-11-09;54,84;58,38;54,45;58,38;532.914;30.392.490
2016-11-08;56,60;57,05;56,02;56,99;406.968;23.051.718
2016-11-07;56,31;56,53;56,03;56,53;454.377;25.586.586
2016-11-04;54,67;56,12;54,42;55,42;657.504;36.412.936
2016-11-03;54,30;55,70;54,26;54,76;735.980;40.527.836
2016-11-02;53,68;54,81;53,41;54,47;497.867;26.985.208
2016-11-01;54,27;54,65;53,90;54,00;362.255;19.639.758
2016-10-31;53,80;54,15;53,50;53,84;534.831;28.808.112
2016-10-28;53,35;53,75;52,96;53,74;395.878;21.168.622
2016-10-27;52,24;53,44;51,69;53,40;701.281;37.148.172
2016-10-26;52,30;52,42;50,61;52,05;503.932;26.082.176
2016-10-25;54,55;54,69;50,56;52,10;751.304;39.311.764
2016-10-24;53,71;54,37;53,32;53,36;448.540;24.123.678
2016-10-21;53,28;54,13;52,88;53,37;621.035;33.193.594
2016-10-20;54,62;54,62;52,57;53,23;596.357;31.889.806
2016-10-19;54,74;55,65;53,37;54,50;709.672;38.802.780
2016-10-18;54,40;55,42;54,15;54,96;295.257;16.219.283
2016-10-17;53,44;54,20;53,06;53,90;434.587;23.345.434
2016-10-14;53,12;54,32;53,12;53,92;530.840;28.579.202
2016-10-13;54,11;54,34;52,47;52,79;781.589;41.451.160
2016-10-12;52,53;54,37;52,32;53,44;362.813;19.422.832
2016-10-11;52,40;53,21;51,91;52,41;369.458;19.413.664
2016-10-10;51,50;52,97;51,42;52,57;497.484;25.967.034
2016-10-07;53,77;53,77;50,89;51,30;1.086.356;56.174.312
2016-10-06;54,03;54,53;53,34;53,68;422.865;22.733.528
2016-10-05;52,21;53,70;52,00;53,30;580.979;30.922.468
2016-10-04;54,00;54,00;52,35;52,40;756.280;39.931.180
2016-09-30;50,51;52,80;50,34;52,63;636.219;32.932.472
2016-09-29;51,53;51,63;50,97;51,20;313.980;16.081.123
2016-09-28;50,06;51,32;50,02;50,93;435.688;22.176.324
2016-09-27;48,40;49,89;48,40;49,89;556.386;27.432.864
2016-09-26;48,00;48,68;47,44;48,255;415.947;20.098.724
2016-09-23;48,28;48,35;47,605;48,155;484.508;23.262.910
2016-09-22;48,30;48,56;47,725;48,425;447.372;21.582.392
2016-09-21;46,50;48,10;46,175;47,585;554.381;26.082.556
2016-09-20;46,40;46,535;45,825;46,00;491.198;22.616.584
2016-09-19;45,00;46,715;44,665;46,605;697.690;31.958.606
2016-09-16;43,955;44,725;43,575;44,69;932.560;41.265.532
2016-09-15;43,05;44,56;42,88;44,55;680.014;30.005.474
2016-09-14;42,755;43,265;42,565;43,005;416.776;17.922.432
2016-09-13;42,40;42,705;42,145;42,57;383.713;16.296.888
2016-09-12;42,28;42,49;41,725;42,025;614.698;25.815.812
2016-09-09;43,77;43,85;42,645;42,665;601.788;25.900.692
2016-09-08;45,03;45,225;43,755;43,82;360.042;15.967.004
2016-09-07;45,00;45,45;44,735;44,90;413.964;18.606.428
2016-09-06;45,125;45,305;44,545;44,86;351.298;15.777.216
2016-09-05;44,25;45,235;44,25;44,90;396.371;17.803.434
2016-09-02;44,95;44,95;42,86;44,25;1.171.126;51.302.692
2016-09-01;46,85;47,14;46,07;46,195;402.718;18.719.086
2016-08-31;47,255;47,38;46,555;46,68;443.263;20.753.120
2016-08-30;47,34;48,15;47,195;47,22;377.630;17.977.958
2016-08-29;46,93;47,21;46,315;47,015;148.404;6.947.613
2016-08-26;46,415;47,265;46,125;46,995;230.892;10.811.924
2016-08-25;46,12;46,745;46,05;46,40;224.889;10.446.292
2016-08-24;46,275;46,53;45,975;46,32;264.706;12.246.426
2016-08-23;45,965;46,49;45,49;46,45;220.121;10.184.239
2016-08-22;46,165;46,36;45,38;45,85;258.508;11.831.463
2016-08-19;46,26;46,33;45,645;46,09;264.340;12.154.664
2016-08-18;45,845;46,43;45,495;46,275;324.997;15.005.129
2016-08-17;44,80;45,64;44,52;45,425;423.151;19.158.316
2016-08-16;45,16;45,565;44,89;44,945;331.324;14.950.822
2016-08-15;45,20;45,525;44,79;44,895;300.050;13.508.716
2016-08-12;45,635;45,775;44,745;45,20;251.820;11.372.372
2016-08-11;44,80;45,625;44,625;45,58;248.543;11.260.466
2016-08-10;44,86;45,155;44,26;44,55;473.712;21.141.958
2016-08-09;43,43;44,855;43,265;44,85;401.327;17.845.674
2016-08-08;43,10;43,68;43,095;43,32;262.240;11.369.000
2016-08-05;42,675;43,315;42,675;43,00;257.320;11.064.714
2016-08-04;42,75;43,27;42,29;42,65;339.876;14.510.379
2016-08-03;42,135;42,79;41,755;42,61;299.181;12.698.160
2016-08-02;42,04;42,385;41,585;41,98;303.271;12.707.268
2016-08-01;41,945;42,58;41,78;42,42;422.745;17.903.352
2016-07-29;41,275;42,00;40,90;41,78;799.751;33.212.408
2016-07-28;41,38;42,39;40,935;40,995;616.955;25.522.652
2016-07-27;40,90;41,865;40,465;41,245;979.312;40.255.308
2016-07-26;42,22;42,74;39,965;41,745;1.010.730;42.161.220
2016-07-25;40,935;41,33;40,64;41,055;430.991;17.709.714
2016-07-22;40,52;41,245;40,205;40,84;277.262;11.327.501
2016-07-21;40,925;41,17;40,05;40,68;379.883;15.396.325
2016-07-20;41,45;41,555;40,91;41,555;225.787;9.350.029
2016-07-19;41,07;41,39;40,505;41,24;347.669;14.252.421
2016-07-18;40,85;41,315;40,665;41,065;344.092;14.111.692
2016-07-15;40,675;41,00;40,055;40,66;333.451;13.546.739
2016-07-14;40,715;41,53;40,42;40,95;564.488;23.186.920
2016-07-13;41,035;41,805;40,70;41,30;427.021;17.649.850
2016-07-12;40,985;41,66;40,775;40,895;349.747;14.374.786
2016-07-11;39,24;40,995;39,24;40,995;548.962;22.258.338
2016-07-08;39,105;39,185;38,29;38,95;405.528;15.758.213
2016-07-07;39,475;39,56;38,945;39,14;360.376;14.113.821
2016-07-06;39,145;39,40;38,58;39,30;597.550;23.351.294
2016-07-05;40,055;40,055;38,88;39,27;534.528;20.978.044
2016-07-04;40,595;40,765;39,97;40,18;355.524;14.297.631
2016-07-01;40,00;40,765;39,69;40,65;583.802;23.580.164
2016-06-30;39,57;40,085;38,48;39,945;915.179;36.319.144
2016-06-29;38,68;39,60;38,18;39,49;594.358;23.172.400
2016-06-28;38,025;38,49;37,54;38,045;683.903;25.998.158
2016-06-27;39,70;39,84;36,735;37,265;989.343;37.386.232
2016-06-24;37,705;40,22;37,50;39,285;1.853.705;72.489.640
2016-06-23;42,455;43,24;41,875;42,00;820.955;34.718.656
2016-06-22;42,345;42,945;42,205;42,21;739.784;31.428.844
2016-06-21;41,30;42,26;41,30;42,205;669.874;28.049.644
2016-06-20;40,355;41,71;40,35;41,43;650.345;26.788.350
2016-06-17;38,40;39,84;38,40;39,80;2.802.874;111.177.488
2016-06-16;37,885;39,125;37,635;38,26;682.020;26.185.806
2016-06-15;38,805;39,30;38,15;38,255;711.701;27.384.690
2016-06-14;38,75;39,36;36,925;38,515;777.843;30.058.244
2016-06-13;38,99;39,375;38,83;39,22;617.136;24.190.550
2016-06-10;39,55;39,685;39,105;39,48;614.240;24.232.982
2016-06-09;39,70;39,88;39,255;39,745;623.522;24.736.704
2016-06-08;39,475;39,755;39,15;39,67;441.836;17.456.312
2016-06-07;39,21;39,925;39,005;39,47;567.832;22.437.178
2016-06-06;39,185;39,795;38,51;38,88;631.910;24.601.070
2016-06-03;38,875;39,995;38,52;38,93;698.147;27.467.604
2016-06-02;37,855;38,87;37,855;38,87;785.354;30.339.658
2016-06-01;38,20;38,48;37,925;38,00;654.099;24.922.708
2016-05-31;38,00;38,15;37,31;38,11;6.433.043;244.913.584
2016-05-30;37,155;37,745;37,00;37,635;247.955;9.301.305
2016-05-27;37,98;37,98;36,62;37,21;600.613;22.275.872
2016-05-26;36,38;36,87;36,235;36,70;348.075;12.770.958
2016-05-25;36,00;36,75;35,975;36,225;479.440;17.378.302
2016-05-24;34,50;35,975;34,39;35,745;969.686;34.410.000
2016-05-23;34,99;34,99;33,805;34,50;1.022.300;35.054.872
2016-05-20;35,20;35,525;35,12;35,335;688.848;24.320.348
2016-05-19;34,93;35,205;34,565;34,83;938.283;32.740.908
2016-05-18;35,80;36,04;35,38;36,01;440.792;15.800.212
2016-05-17;35,65;35,975;35,15;35,975;576.260;20.524.576
2016-05-13;34,55;36,085;34,45;35,50;932.061;32.966.456
2016-05-12;35,38;35,99;34,25;34,42;765.591;26.666.160
2016-05-11;35,90;36,215;35,50;35,63;493.428;17.638.744
2016-05-10;35,13;35,805;35,075;35,805;380.264;13.505.765
2016-05-09;34,45;35,585;34,305;34,915;459.298;16.112.260
2016-05-06;34,43;34,52;33,93;34,205;395.837;13.535.916
2016-05-05;34,24;34,685;33,965;34,36;279.446;9.579.937
2016-05-04;34,29;34,46;33,63;34,235;509.008;17.349.266
2016-05-03;35,12;35,31;34,475;34,73;448.148;15.539.455
2016-05-02;34,825;35,82;34,555;35,35;357.418;12.598.266
2016-04-29;34,18;34,705;34,18;34,52;359.877;12.422.358
2016-04-28;33,835;34,61;33,60;34,39;536.550;18.323.606
2016-04-27;33,90;34,08;33,64;33,80;508.594;17.207.036
2016-04-26;33,90;34,055;33,465;33,64;551.706;18.608.246
2016-04-25;35,44;35,69;33,32;33,40;780.662;26.623.536
2016-04-22;34,80;34,865;34,38;34,65;335.779;11.612.134
2016-04-21;34,49;34,975;34,24;34,90;401.064;13.941.455
2016-04-20;33,975;34,55;33,67;34,54;341.362;11.685.684
2016-04-19;33,98;34,095;33,51;33,945;379.001;12.859.378
2016-04-18;33,36;34,04;33,055;33,80;326.430;11.027.423
2016-04-15;34,245;34,53;33,505;33,80;460.247;15.588.502
2016-04-14;33,34;34,105;33,095;33,985;428.615;14.518.575
2016-04-13;32,91;33,335;32,64;33,25;329.187;10.889.848
2016-04-12;33,25;33,42;32,24;32,48;408.364;13.306.869
2016-04-11;32,55;33,525;32,365;33,11;336.774;11.143.722
2016-04-08;31,875;33,00;31,795;32,73;341.171;11.119.464
2016-04-07;31,605;31,91;31,205;31,62;383.137;12.118.258
2016-04-06;31,065;31,62;30,76;31,285;440.365;13.779.639
2016-04-05;32,00;32,00;30,805;30,91;389.799;12.155.543
2016-04-04;33,02;33,05;32,25;32,25;424.948;13.789.030
2016-04-01;32,875;33,07;32,47;32,87;397.767;13.039.345
2016-03-31;33,50;33,50;32,645;32,96;731.390;24.171.800
2016-03-30;32,775;33,93;32,70;33,50;336.088;11.175.465
2016-03-29;32,20;32,595;31,50;32,50;224.932;7.249.929
2016-03-24;31,895;32,355;31,16;31,745;187.310;5.928.255
2016-03-23;31,80;32,385;31,36;32,245;222.551;7.122.211
2016-03-22;31,60;31,65;31,02;31,555;285.792;8.989.387
2016-03-21;30,875;31,535;30,795;31,45;352.204;11.036.169
2016-03-18;30,65;30,95;30,14;30,76;384.470;11.789.601
2016-03-17;30,00;30,10;29,245;30,005;197.611;5.890.904
2016-03-16;29,195;29,935;29,045;29,73;251.444;7.449.845
2016-03-15;29,00;29,20;28,815;28,93;135.057;3.915.341
2016-03-14;29,50;29,50;29,02;29,035;182.245;5.322.223
2016-03-11;29,00;29,36;28,605;29,35;174.312;5.088.842
2016-03-10;28,99;29,34;28,59;28,685;252.824;7.304.750
2016-03-09;28,99;29,10;28,685;28,92;175.444;5.081.044
2016-03-08;29,005;29,08;28,84;28,925;253.464;7.344.580
2016-03-07;30,01;30,115;29,005;29,205;499.373;14.636.361
2016-03-04;30,185;30,585;29,965;29,99;299.483;9.039.687
2016-03-03;30,49;30,86;29,925;29,995;181.594;5.488.881
2016-03-02;30,625;30,69;29,535;30,27;391.669;11.799.805
2016-03-01;29,385;30,59;29,22;30,35;248.062;7.426.737
2016-02-29;28,37;29,755;28,325;29,50;287.023;8.389.504
2016-02-26;27,75;28,66;27,75;28,34;293.460;8.304.692
2016-02-25;27,32;27,55;27,01;27,44;235.743;6.440.207
2016-02-24;27,62;27,785;27,00;27,02;208.402;5.671.429
2016-02-23;27,40;28,39;26,25;27,585;710.516;19.648.496
2016-02-22;26,27;27,50;26,00;27,35;519.621;13.979.341
2016-02-19;27,03;27,03;25,41;26,00;413.087;10.697.042
2016-02-18;27,24;27,40;26,78;26,905;237.526;6.419.306
2016-02-17;25,98;27,285;25,94;27,00;256.887;6.895.230
2016-02-16;26,655;26,77;25,445;25,835;210.125;5.447.030
2016-02-15;26,50;26,955;26,085;26,265;234.635;6.201.832
2016-02-12;25,705;25,965;25,275;25,73;188.603;4.838.310
2016-02-11;25,605;25,85;24,505;25,48;299.471;7.589.594
2016-02-10;25,96;26,775;25,70;25,835;294.640;7.699.621
2016-02-09;26,785;26,89;24,63;25,735;525.705;13.506.482
2016-02-08;28,52;28,52;26,79;26,95;330.255;8.993.567
2016-02-05;28,35;29,72;28,335;28,56;276.822;8.006.860
2016-02-04;29,50;29,51;27,69;28,20;362.360;10.227.054
2016-02-03;29,295;29,59;28,57;28,925;230.740;6.707.240
2016-02-02;30,715;30,715;29,30;29,425;242.613;7.205.511
2016-02-01;30,30;31,11;30,30;30,95;266.144;8.214.063
2016-01-29;29,97;30,65;29,53;30,40;361.154;10.872.449
2016-01-28;29,285;29,945;29,285;29,54;317.522;9.390.258
2016-01-27;29,77;29,77;28,78;29,18;186.668;5.473.269
2016-01-26;30,05;30,475;29,555;30,075;217.640;6.519.031
2016-01-25;31,24;31,24;29,91;30,465;161.884;4.924.117
2016-01-22;31,60;32,00;30,84;30,845;315.749;9.875.012
2016-01-21;29,41;31,16;29,38;30,75;273.959;8.291.312
2016-01-20;30,17;30,315;29,50;29,575;332.363;9.927.254
2016-01-19;31,60;32,21;30,90;31,135;292.613;9.209.565
2016-01-18;31,10;31,485;30,16;30,51;207.734;6.366.259
2016-01-15;32,685;32,685;30,525;31,225;295.406;9.280.365
2016-01-14;32,025;33,095;31,625;32,50;397.257;12.783.770
2016-01-13;31,135;32,41;31,10;32,37;217.879;6.967.923
2016-01-12;30,385;31,065;30,185;30,825;190.396;5.855.204
2016-01-11;30,02;30,75;30,01;30,27;212.399;6.446.806
2016-01-08;30,945;31,17;29,93;30,09;262.966;8.045.328
2016-01-07;30,11;31,215;29,81;30,80;296.539;9.032.886
2016-01-06;32,015;32,265;31,435;31,86;153.020;4.876.968
2016-01-05;32,80;33,00;31,35;32,155;250.116;8.034.989
2016-01-04;33,50;34,13;32,405;32,53;202.131;6.643.404
2015-12-30;34,08;34,505;33,62;33,635;85.342;2.902.730
2015-12-29;33,99;34,26;33,855;34,055;87.800;2.993.324
2015-12-28;34,01;34,385;33,61;33,78;62.254;2.112.173
2015-12-23;33,68;34,17;33,52;33,87;85.255;2.887.593
2015-12-22;34,15;34,35;33,11;33,175;121.414;4.073.879
2015-12-21;34,075;34,75;33,915;34,00;173.697;5.966.840
2015-12-18;34,305;35,055;34,045;34,155;1.462.933;50.204.868
2015-12-17;34,00;34,915;33,935;34,40;256.949;8.833.827
2015-12-16;33,72;34,00;33,40;33,735;137.213;4.626.943
2015-12-15;33,375;33,99;33,225;33,515;219.207;7.355.727
2015-12-14;33,865;34,00;32,05;32,985;295.837;9.867.876
2015-12-11;34,00;34,11;33,56;33,60;303.199;10.229.718
2015-12-10;34,00;34,06;33,56;33,70;195.228;6.611.648
2015-12-09;34,02;34,285;33,30;34,00;278.215;9.457.561
2015-12-08;34,52;35,00;33,90;34,00;178.144;6.091.617
2015-12-07;34,85;35,28;34,375;34,40;177.634;6.159.861
2015-12-04;34,19;34,665;33,515;34,00;260.586;8.901.406
2015-12-03;35,12;35,39;33,90;33,90;210.223;7.243.664
2015-12-02;34,60;35,55;34,45;34,90;237.920;8.313.263
2015-12-01;34,97;34,97;34,05;34,32;180.361;6.207.936
2015-11-30;34,96;35,165;33,545;34,735;326.015;11.247.171
2015-11-27;34,80;35,65;34,00;34,60;270.874;9.432.742
2015-11-26;33,45;35,50;33,155;34,83;458.053;15.953.986
2015-11-25;32,37;34,005;32,065;33,30;366.966;12.170.661
2015-11-24;32,115;32,49;31,94;32,10;234.676;7.538.669
2015-11-23;32,90;33,04;31,815;32,00;248.333;7.992.850
2015-11-20;32,035;33,05;31,30;32,12;319.452;10.317.754
2015-11-19;31,51;31,885;31,25;31,70;339.041;10.739.149
2015-11-18;30,605;31,46;29,90;31,00;192.998;5.934.741
2015-11-17;31,635;31,89;30,35;30,47;324.271;10.048.032
2015-11-16;31,30;32,10;30,38;31,20;455.589;14.294.455
2015-11-13;30,20;31,52;29,32;31,00;695.465;21.303.404
2015-11-12;30,61;30,61;28,75;29,895;732.175;21.666.746
2015-11-11;28,30;28,40;28,035;28,185;27.916;788.394
2015-11-10;27,80;28,18;27,705;28,18;102.146;2.863.344
2015-11-09;28,00;28,10;27,515;27,855;69.902;1.954.818
2015-11-06;28,36;28,395;27,68;27,975;65.312;1.826.841
2015-11-05;28,015;28,35;27,27;28,145;252.789;7.083.017
2015-11-04;28,40;28,40;27,63;27,98;215.349;6.030.382
2015-11-03;28,50;28,67;28,145;28,20;201.489;5.724.033
2015-11-02;27,875;28,69;27,34;28,10;231.561;6.477.146
2015-10-30;28,295;28,49;27,73;27,995;121.395;3.399.206
2015-10-29;28,495;28,54;27,545;28,025;302.628;8.497.363
2015-10-28;27,00;28,20;26,67;27,99;344.041;9.563.406
2015-10-27;27,79;27,975;26,825;27,065;392.687;10.675.833
2015-10-26;27,34;27,49;27,01;27,11;163.051;4.442.879
2015-10-23;26,21;27,50;26,165;27,25;471.771;12.753.083
2015-10-22;25,20;26,01;25,00;26,00;143.178;3.672.459
2015-10-21;25,01;25,58;24,55;25,10;134.430;3.366.839
2015-10-20;24,48;24,75;24,35;24,75;80.401;1.978.754
2015-10-19;25,32;25,75;24,50;24,50;249.995;6.197.020
2015-10-16;25,34;25,625;25,00;25,20;132.069;3.312.962
2015-10-15;25,13;25,50;25,01;25,20;230.048;5.794.618
2015-10-14;25,59;25,91;25,065;25,245;285.165;7.251.816
2015-10-13;25,98;26,12;25,25;25,70;163.417;4.179.172
2015-10-12;26,425;26,69;25,83;26,00;281.900;7.375.412
2015-10-09;26,065;26,40;25,855;26,20;357.981;9.359.699
2015-10-08;26,345;26,485;25,73;25,98;694.888;18.027.272
2015-10-07;26,95;27,38;26,05;26,40;1.556.710;41.348.576
2015-10-06;26,00;26,99;26,00;26,50;10.984.457;290.231.424





