Datum;Erster;Hoch;Tief;Schlusskurs;Stuecke;Volumen
2011-05-20;0,081;0,081;0,081;0,081;18.000;1.458
2011-04-28;0,105;0,105;0,105;0,105;15.746;1.653
2011-04-27;0,07;0,07;0,07;0,07;23.400;1.638
2011-04-13;0,07;0,07;0,07;0,07;500;35
2011-04-12;0,07;0,07;0,07;0,07;1.300;91
2011-02-17;0,112;0,112;0,112;0,112;660;74
2011-02-15;0,112;0,112;0,112;0,112;660;74
2011-02-10;0,112;0,112;0,112;0,112;500;56
2011-02-01;0,112;0,112;0,112;0,112;12;1
2011-01-19;0,12;0,12;0,12;0,12;1.000;120
2011-01-07;0,12;0,12;0,12;0,12;690;83
2011-01-04;0,12;0,12;0,12;0,12;1.000;120
2010-12-27;0,101;0,101;0,101;0,101;33.538;3.387
2010-12-14;0,125;0,125;0,125;0,125;4.100;513
2010-11-23;0,15;0,15;0,15;0,15;122;18
2010-11-15;0,15;0,15;0,15;0,15;3.000;450
2010-11-08;0,15;0,15;0,15;0,15;27.730;4.160
2010-09-10;0,11;0,11;0,11;0,11;200;22
2010-08-05;0,17;0,17;0,17;0,17;1.483;252
2010-07-27;0,133;0,133;0,133;0,133;1.902;253
2010-07-16;0,102;0,102;0,102;0,102;1.200;122
2010-07-13;0,102;0,102;0,102;0,102;990;101
2010-07-08;0,102;0,102;0,102;0,102;30;3
2010-06-17;0,102;0,102;0,102;0,102;98;10
2010-05-20;0,116;0,116;0,116;0,116;330;38
2010-05-11;0,14;0,14;0,14;0,14;4.501;630
2010-05-03;0,118;0,118;0,118;0,118;576;68
2010-04-29;0,13;0,13;0,13;0,13;17.000;2.210
2010-04-19;0,128;0,128;0,128;0,128;500;64
2010-04-15;0,169;0,17;0,107;0,127;50.500;6.414
2010-04-01;0,106;0,106;0,106;0,106;451;48
2010-03-30;0,18;0,18;0,18;0,18;100;18
2010-03-25;0,18;0,18;0,18;0,18;624;112
2010-03-24;0,17;0,17;0,17;0,17;580;99
2010-03-22;0,15;0,15;0,15;0,15;100;15
2010-03-19;0,15;0,16;0,15;0,15;4.650;698
2010-03-18;0,135;0,135;0,135;0,135;14.146;1.910
2010-02-26;0,11;0,11;0,11;0,11;2;0
2010-02-24;0,14;0,14;0,14;0,14;2;0
2010-02-18;0,097;0,097;0,097;0,097;300;29
2010-02-17;0,093;0,093;0,093;0,093;905;84
2010-02-15;0,092;0,14;0,092;0,14;1.333;187
2010-02-09;0,135;0,15;0,106;0,15;1.653;248
2010-02-04;0,148;0,15;0,148;0,15;3.500;525
2010-01-14;0,148;0,148;0,148;0,148;350;52
2010-01-12;0,123;0,123;0,123;0,123;11;1
2010-01-06;0,148;0,148;0,148;0,148;1;0
2010-01-05;0,124;0,124;0,124;0,124;1.000;124
2009-12-30;0,147;0,147;0,147;0,147;307;45
2009-12-28;0,125;0,125;0,125;0,125;88;11
2009-12-11;0,13;0,13;0,13;0,13;199;26
2009-12-07;0,13;0,13;0,13;0,13;801;104
2009-12-03;0,13;0,13;0,13;0,13;2.000;260
2009-12-02;0,13;0,13;0,13;0,13;2.629;342
2009-12-01;0,13;0,13;0,13;0,13;2.000;260
2009-11-13;0,132;0,132;0,132;0,132;1.500;198
2009-11-12;0,132;0,132;0,132;0,132;1.500;198
2009-11-11;0,132;0,132;0,132;0,132;110;15
2009-11-10; ; ; ;0,133;0;0
2009-11-09;0,14; ; ;0,14;0;0
2009-11-06;0,14; ; ;0,14;0;0
2009-11-05;0,18; ; ;0,18;0;0
2009-11-04;0,126; ; ;0,126;0;0
2009-11-03;0,125; ; ;0,125;0;0
2009-11-02; ; ; ;0,17;0;0
2009-10-30;0,16;0,17;0,16;0,17;18.329;3.116
2009-10-29;0,16;0,16;0,15;0,15;10.900;1.635
2009-10-28;0,139;0,16;0,139;0,16;7.600;1.216
2009-10-27;0,141; ; ;0,141;0;0
2009-10-26; ; ; ;0,141;0;0
2009-10-23;0,15; ; ;0,15;0;0
2009-10-22;0,15;0,15;0,15;0,15;200;30
2009-10-21;0,165;0,17;0,165;0,17;6.771;1.151
2009-10-20;0,15; ; ;0,15;0;0
2009-10-19;0,17;0,17;0,15;0,15;1.300;195
2009-10-16;0,16;0,17;0,16;0,17;1.500;255
2009-10-15;0,14; ; ;0,14;0;0
2009-10-14;0,18; ; ;0,18;0;0
2009-10-13;0,18;0,18;0,18;0,18;2.500;450
2009-10-12;0,15; ; ;0,15;0;0
2009-10-09;0,15; ; ;0,15;0;0
2009-10-08;0,13; ; ;0,13;0;0
2009-10-07;0,15; ; ;0,15;0;0
2009-10-06;0,15; ; ;0,15;0;0
2009-10-05;0,15; ; ;0,15;0;0
2009-10-02;0,15;0,15;0,15;0,15;2.700;405
2009-10-01; ; ; ;0,152;0;0
2009-09-30;0,15; ; ;0,15;0;0
2009-09-29;0,16; ; ;0,16;0;0
2009-09-28;0,16;0,16;0,16;0,16;428;68
2009-09-25;0,16;0,16;0,16;0,16;3.297;528
2009-09-24;0,16; ; ;0,16;0;0
2009-09-23;0,17;0,17;0,16;0,16;19.600;3.136
2009-09-22;0,144;0,144;0,144;0,144;2.400;346
2009-09-21;0,18;0,18;0,18;0,18;500;90
2009-09-18;0,18;0,18;0,18;0,18;4.500;810
2009-09-17;0,15;0,15;0,15;0,15;3.000;450
2009-09-16;0,16;0,16;0,145;0,15;14.250;2.138
2009-09-15;0,155;0,16;0,133;0,16;5.760;922
2009-09-14;0,155;0,155;0,155;0,155;599;93
2009-09-11;0,14;0,14;0,14;0,14;100;14
2009-09-10;0,13;0,13;0,125;0,125;10.770;1.346
2009-09-09;0,16;0,16;0,16;0,16;10.000;1.600
2009-09-08;0,121;0,156;0,121;0,125;4.487;561
2009-09-07;0,15;0,15;0,15;0,15;3.000;450
2009-09-04;0,13;0,15;0,111;0,111;72.614;8.060
2009-09-03;0,12;0,12;0,12;0,12;190;23
2009-09-02;0,17; ; ;0,17;0;0
2009-09-01;0,17;0,17;0,17;0,17;1.000;170
2009-08-31;0,15;0,165;0,145;0,165;20.500;3.383
2009-08-28;0,15;0,165;0,132;0,14;112.242;15.714
2009-08-27;0,168;0,21;0,15;0,151;45.525;6.874
2009-08-26;0,15;0,15;0,15;0,15;779;117
2009-08-25;0,19;0,20;0,144;0,174;11.000;1.914
2009-08-24;0,20;0,20;0,15;0,18;19.000;3.420
2009-08-21;0,19;0,21;0,19;0,21;2.000;420
2009-08-19;0,20;0,21;0,20;0,21;1.600;336
2009-08-14;0,19;0,19;0,19;0,19;1.000;190
2009-08-13;0,165;0,189;0,15;0,15;24.420;3.663
2009-08-12;0,198;0,198;0,198;0,198;2.630;521
2009-08-10;0,18;0,18;0,18;0,18;20.000;3.600
2009-08-07;0,13;0,13;0,13;0,17;3.052;519
2009-08-05;0,20;0,20;0,15;0,15;6.000;900
2009-07-30;0,20;0,20;0,18;0,18;2.015;363
2009-07-29;0,14;0,18;0,13;0,14;9.000;1.260
2009-07-27;0,17;0,20;0,17;0,20;2.500;500
2009-07-17;0,191;0,191;0,191;0,191;7.000;1.337
2009-07-07;0,18;0,18;0,18;0,18;1.800;324
2009-07-06;0,20;0,20;0,20;0,20;1.200;240
2009-07-03;0,20;0,20;0,20;0,20;3.800;760
2009-06-29;0,18;0,18;0,18;0,18;2.500;450
2009-06-26;0,238;0,238;0,238;0,238;300;71
2009-06-22;0,185;0,185;0,18;0,18;1.500;270
2009-06-17;0,20;0,21;0,197;0,21;16.500;3.465
2009-06-16;0,18;0,20;0,18;0,18;1.502;270
2009-06-15;0,20;0,28;0,20;0,20;20.274;4.055
2009-06-12;0,22;0,22;0,22;0,22;194;43
2009-06-10;0,22;0,22;0,22;0,22;2.646;582
2009-06-08;0,22;0,22;0,22;0,22;6.000;1.320
2009-06-05;0,22;0,22;0,22;0,22;6.000;1.320
2009-06-04;0,21;0,21;0,21;0,21;15.000;3.150
2009-06-03;0,21;0,21;0,21;0,21;100;21
2009-06-02;0,18;0,18;0,18;0,21;10.800;2.268
2009-05-29;0,188;0,19;0,188;0,19;9.710;1.845
2009-05-26;0,18;0,197;0,18;0,197;4.000;788
2009-05-25;0,182;0,21;0,181;0,21;21.500;4.515
2009-05-22;0,20;0,20;0,20;0,20;5.500;1.100
2009-05-20;0,20;0,20;0,20;0,20;500;100
2009-05-19;0,22;0,27;0,22;0,25;8.500;2.125
2009-05-15;0,23;0,23;0,22;0,22;22.000;4.840
2009-05-14;0,228;0,228;0,228;0,228;2.000;456
2009-05-13;0,18;0,22;0,18;0,22;4.500;990
2009-05-12;0,19;0,19;0,19;0,17;3.248;552
2009-05-11;0,17;0,17;0,17;0,215;201;43
2009-05-08;0,24;0,24;0,19;0,24;6.800;1.632
2009-05-07;0,21;0,25;0,186;0,24;16.561;3.975
2009-05-06;0,29;0,29;0,18;0,25;15.366;3.842
2009-05-05;0,22;0,30;0,22;0,30;2.180;654
2009-05-04;0,42;0,42;0,29;0,34;7.800;2.652
2009-04-30;0,18;0,25;0,18;0,25;4.630;1.158
2009-04-28;0,15;0,17;0,15;0,17;5.800;986
2009-04-27;0,20;0,20;0,16;0,20;8.800;1.760
2009-04-22;0,20;0,20;0,20;0,20;4.500;900
2009-04-20;0,21;0,21;0,21;0,21;1.000;210
2009-04-17;0,21;0,21;0,21;0,21;2.000;420
2009-04-16;0,17;0,18;0,17;0,18;2.100;378
2009-04-15;0,16;0,17;0,16;0,17;2.250;383
2009-04-14;0,14;0,15;0,14;0,15;6.999;1.050
2009-04-09;0,20;0,20;0,18;0,18;4.930;887
2009-04-07;0,21;0,21;0,18;0,19;24.000;4.560
2009-04-02;0,24;0,24;0,24;0,24;50;12
2009-03-30;0,18;0,21;0,18;0,21;2.906;610
2009-03-27;0,19;0,21;0,19;0,21;1.920;403
2009-03-26;0,21;0,22;0,21;0,22;530;117
2009-03-25;0,21;0,21;0,21;0,21;20;4
2009-03-24;0,18;0,21;0,18;0,21;1.178;247
2009-03-23;0,22;0,24;0,18;0,209;6.800;1.421
2009-03-20;0,19;0,26;0,19;0,26;480;125
2009-03-19;0,25;0,25;0,25;0,25;250;63
2009-03-18;0,22;0,26;0,20;0,26;4.030;1.048
2009-03-17;0,23;0,24;0,23;0,24;2.750;660
2009-03-16;0,23;0,23;0,23;0,23;300;69
2009-03-13;0,23;0,23;0,23;0,23;1.000;230
2009-03-12;0,23;0,23;0,23;0,23;2.600;598
2009-03-11;0,23;0,23;0,23;0,23;100;23
2009-03-10;0,24;0,24;0,24;0,23;1.125;259
2009-03-09;0,19;0,24;0,19;0,24;2.825;678
2009-03-06;0,20;0,24;0,20;0,20;677;135
2009-03-05;0,18;0,22;0,18;0,21;12.655;2.658
2009-03-04;0,20;0,20;0,18;0,18;2.477;446
2009-03-03;0,18;0,20;0,18;0,20;7.450;1.490
2009-03-02;0,18;0,184;0,18;0,184;3.000;552
2009-02-27;0,17;0,18;0,17;0,17;500;85
2009-02-26;0,13;0,17;0,13;0,17;2.250;383
2009-02-25;0,17;0,18;0,17;0,18;2.050;369
2009-02-24;0,20;0,20;0,20;0,20;1.350;270
2009-02-23;0,23;0,23;0,23;0,23;1.260;290
2009-02-19;0,24;0,24;0,24;0,24;650;156
2009-02-18;0,24;0,24;0,24;0,24;270;65
2009-02-17;0,19;0,24;0,19;0,24;2.677;642
2009-02-16;0,235;0,235;0,235;0,235;750;176
2009-02-13;0,23;0,23;0,181;0,23;280;64
2009-02-12;0,30;0,30;0,24;0,24;4.010;962
2009-02-11;0,29;0,29;0,29;0,29;150;44
2009-02-10;0,30;0,38;0,30;0,38;15.879;6.034
2009-02-09;0,31;0,38;0,31;0,32;4.750;1.520
2009-02-06;0,31;0,31;0,31;0,31;600;186
2009-02-05;0,30;0,31;0,242;0,30;7.600;2.280
2009-02-04;0,29;0,29;0,28;0,29;325;94
2009-02-03;0,30;0,30;0,30;0,30;100;30
2009-01-30;0,30;0,30;0,30;0,30;255;77
2009-01-29;0,30;0,30;0,30;0,30;300;90
2009-01-28;0,31;0,31;0,30;0,30;1.380;414
2009-01-27;0,30;0,30;0,232;0,30;800;240
2009-01-26;0,25;0,30;0,221;0,221;3.102;686
2009-01-22;0,31;0,31;0,31;0,31;400;124
2009-01-21;0,31;0,31;0,31;0,31;400;124
2009-01-20;0,31;0,31;0,31;0,31;350;109
2009-01-16;0,31;0,31;0,31;0,31;300;93
2009-01-15;0,31;0,31;0,31;0,31;1.000;310
2009-01-14;0,34;0,34;0,23;0,34;12.530;4.260
2009-01-13;0,30;0,34;0,30;0,34;14.100;4.794
2009-01-12;0,36;0,36;0,36;0,31;3.835;1.189
2009-01-09;0,32;0,37;0,32;0,37;3.835;1.419
2009-01-08;0,36;0,36;0,36;0,36;300;108
2009-01-07;0,35;0,35;0,35;0,35;650;228
2009-01-06;0,32;0,33;0,30;0,33;7.010;2.313
2009-01-05;0,33;0,33;0,33;0,33;6.000;1.980
2009-01-02;0,36;0,37;0,36;0,37;931;344
2008-12-30;0,33;0,35;0,33;0,35;480;168
2008-12-29;0,33;0,33;0,33;0,33;2.500;825
2008-12-23;0,35;0,35;0,35;0,35;300;105
2008-12-22;0,30;0,35;0,28;0,35;4.311;1.509
2008-12-18;0,31;0,37;0,31;0,31;400;124
2008-12-17;0,37;0,37;0,37;0,37;300;111
2008-12-16;0,33;0,33;0,33;0,33;1.600;528
2008-12-15;0,36;0,37;0,36;0,37;4.710;1.743
2008-12-12;0,34;0,50;0,34;0,50;2.100;1.050
2008-12-09;0,33;0,35;0,33;0,35;110;39
2008-12-08;0,34;0,34;0,34;0,34;40;14
2008-12-04;0,38;0,38;0,32;0,32;13.400;4.288
2008-12-03;0,37;0,37;0,37;0,37;500;185
2008-12-02;0,39;0,39;0,39;0,39;200;78
2008-12-01;0,38;0,38;0,38;0,38;338;128
2008-11-28;0,37;0,38;0,37;0,38;650;247
2008-11-26;0,39;0,39;0,37;0,37;6.000;2.220
2008-11-25;0,37;0,44;0,37;0,42;6.451;2.709
2008-11-24;0,37;0,37;0,37;0,37;10;4
2008-11-21;0,33;0,38;0,33;0,37;4.404;1.629
2008-11-20;0,28;0,33;0,28;0,32;6.240;1.997
2008-11-19;0,33;0,36;0,26;0,26;6.260;1.628
2008-11-14;0,40;0,40;0,36;0,39;4.360;1.700
2008-11-13;0,42;0,42;0,42;0,42;250;105
2008-11-12;0,42;0,45;0,42;0,45;1.910;860
2008-11-11;0,41;0,43;0,40;0,44;5.750;2.530
2008-11-10;0,58;0,58;0,58;0,58;100;58
2008-11-07;0,52;0,52;0,51;0,52;2.200;1.144
2008-11-06;0,58;0,59;0,58;0,58;500;290
2008-11-05;0,54;0,59;0,51;0,59;23.900;14.101
2008-11-04;0,50;0,54;0,47;0,54;2.100;1.134
2008-11-03;0,52;0,52;0,52;0,52;250;130
2008-10-31;0,46;0,52;0,45;0,52;8.367;4.351
2008-10-30;0,48;0,48;0,45;0,45;510;230
2008-10-29;0,35;0,35;0,31;0,31;3.400;1.054
2008-10-28;0,46;0,46;0,46;0,46;10;5
2008-10-27;0,42;0,45;0,42;0,42;215;90
2008-10-24;0,42;0,42;0,38;0,42;5.178;2.175
2008-10-22;0,45;0,45;0,45;0,45;2.000;900
2008-10-21;0,53;0,53;0,53;0,53;1.469;779
2008-10-17;0,48;0,51;0,48;0,48;1.500;720
2008-10-16;0,65;0,65;0,65;0,65;10;7
2008-10-15;0,57;0,61;0,57;0,61;310;189
2008-10-14;0,65;0,65;0,65;0,65;9.010;5.857
2008-10-13;0,56;0,58;0,47;0,47;5.202;2.445
2008-10-10;0,54;0,54;0,47;0,51;5.006;2.553
2008-10-09;0,48;0,51;0,48;0,51;1.711;873
2008-10-08;0,58;0,58;0,58;0,58;300;174
2008-10-07;0,58;0,59;0,50;0,58;1.610;934
2008-10-06;0,57;0,57;0,52;0,53;2.735;1.450
2008-10-03;0,57;0,57;0,57;0,57;4.000;2.280
2008-10-02;0,64;0,64;0,58;0,58;580;336
2008-10-01;0,63;0,65;0,60;0,64;5.956;3.812
2008-09-30;0,65;0,65;0,57;0,57;5.065;2.887
2008-09-29;0,73;0,73;0,68;0,68;1.370;932
2008-09-26;0,73;0,73;0,70;0,72;1.430;1.030
2008-09-25;0,76;0,76;0,74;0,74;351;260
2008-09-24;0,73;0,76;0,71;0,75;8.654;6.491
2008-09-23;0,81;0,81;0,81;0,81;280;227
2008-09-22;0,85;0,90;0,76;0,80;10.244;8.195
2008-09-19;0,92;0,93;0,92;0,93;260;242
2008-09-18;0,90;0,93;0,90;0,84;2.859;2.402
2008-09-17;0,95;0,95;0,80;0,80;8.450;6.760
2008-09-16;0,89;0,95;0,89;0,95;1.180;1.121
2008-09-15;0,92;0,94;0,89;0,89;3.165;2.817
2008-09-11;0,91;0,94;0,91;0,94;2.008;1.888
2008-09-09;0,93;0,93;0,93;0,93;375;349
2008-09-08;0,92;0,95;0,92;0,92;500;460
2008-09-05;0,95;0,95;0,95;0,95;300;285
2008-09-04;0,92;0,96;0,92;0,96;500;480
2008-09-03;0,95;0,95;0,95;0,95;2.000;1.900
2008-09-02;0,96;0,96;0,96;0,96;250;240
2008-09-01;0,94;0,96;0,94;0,96;6.250;6.000
2008-08-29;0,96;0,96;0,96;0,96;250;240
2008-08-28;0,96;0,96;0,96;0,96;300;288
2008-08-27;0,93;0,96;0,93;0,96;1.140;1.094
2008-08-26;0,96;0,96;0,96;0,96;200;192
2008-08-25;0,97;0,97;0,93;0,97;2.000;1.940
2008-08-22;0,99;0,99;0,99;0,99;500;495
2008-08-21;0,94;0,99;0,94;0,99;2.700;2.673
2008-08-20;0,99;0,99;0,93;0,99;1.705;1.688
2008-08-19;0,94;0,98;0,94;0,98;1.160;1.137
2008-08-18;0,93;0,98;0,93;0,98;1.850;1.813
2008-08-14;0,95;0,95;0,95;0,95;1.800;1.710
2008-08-13;0,99;0,99;0,99;0,99;620;614
2008-08-12;0,98;0,99;0,95;0,99;3.295;3.262
2008-08-11;0,98;0,98;0,98;0,98;255;250
2008-08-08;0,99;0,99;0,95;0,95;104;99
2008-08-07;0,99;0,99;0,99;0,99;450;446
2008-08-06;0,97;0,97;0,97;0,97;20.000;19.400
2008-08-05;1,00;1,00;1,00;1,00;1.200;1.200
2008-08-04;0,96;1,00;0,96;1,00;1.940;1.940
2008-08-01;0,93;0,99;0,93;0,99;1.200;1.188
2008-07-31;0,96;0,97;0,96;0,97;15.240;14.783
2008-07-30;0,94;0,97;0,94;0,97;715;694
2008-07-29;0,98;0,99;0,98;0,99;250;248
2008-07-28;0,98;0,98;0,97;0,97;12.523;12.147
2008-07-25;0,97;0,98;0,97;0,98;1.050;1.029
2008-07-24;0,95;0,97;0,95;0,97;300;291
2008-07-23;0,94;0,96;0,94;0,96;665;638
2008-07-22;0,91;0,95;0,90;0,95;1.345;1.278
2008-07-21;0,95;0,95;0,95;0,95;400;380
2008-07-18;0,95;0,95;0,95;0,95;2.400;2.280
2008-07-16;0,96;0,98;0,92;0,96;2.790;2.678
2008-07-15;0,97;0,97;0,92;0,92;3.376;3.106
2008-07-14;0,98;0,98;0,97;0,97;588;570
2008-07-11;1,00;1,00;1,00;1,00;425;425
2008-07-10;1,00;1,00;1,00;1,00;248;248
2008-07-09;0,97;1,00;0,96;1,00;3.340;3.340
2008-07-08;1,01;1,01;1,01;1,01;650;657
2008-07-07;1,00;1,00;1,00;1,00;516;516
2008-07-04;1,01;1,01;1,01;1,01;10;10
2008-07-03;0,94;0,98;0,94;0,98;4.550;4.459
2008-07-02;1,00;1,04;0,99;1,04;1.810;1.882
2008-07-01;1,05;1,05;1,05;1,05;350;368
2008-06-30;1,02;1,02;1,02;1,02;300;306
2008-06-27;1,09;1,09;1,09;1,09;30;33
2008-06-26;1,07;1,07;1,07;1,07;350;375
2008-06-25;1,08;1,08;1,08;1,08;20;22
2008-06-24;1,10;1,10;1,03;1,05;2.160;2.268
2008-06-23;1,10;1,10;1,04;1,04;1.640;1.706
2008-06-20;1,04;1,09;1,04;1,09;61;66
2008-06-19;1,10;1,10;1,10;1,10;366;403
2008-06-17;1,10;1,11;1,04;1,11;9.220;10.234
2008-06-16;1,16;1,18;1,16;1,18;500;590
2008-06-13;1,12;1,12;1,12;1,12;1.650;1.848
2008-06-12;1,13;1,19;1,13;1,19;560;666
2008-06-11;1,20;1,20;1,20;1,20;475;570
2008-06-10;1,13;1,13;1,13;1,13;300;339
2008-06-09;1,20;1,20;1,20;1,20;600;720
2008-06-06;1,15;1,20;1,13;1,20;2.980;3.576
2008-06-05;1,21;1,21;1,21;1,21;100;121
2008-06-04;1,21;1,21;1,21;1,21;10;12
2008-06-03;1,14;1,19;1,14;1,19;1.500;1.785
2008-06-02;1,21;1,21;1,21;1,21;500;605
2008-05-30;1,13;1,19;1,13;1,19;2.001;2.381
2008-05-29;1,12;1,22;1,12;1,21;4.290;5.191
2008-05-28;1,15;1,15;1,15;1,15;4.000;4.600
2008-05-27;1,13;1,14;1,13;1,14;850;969
2008-05-26;1,10;1,10;1,10;1,10;455;501
2008-05-23;1,15;1,15;1,15;1,15;900;1.035
2008-05-22;1,15;1,15;1,15;1,15;500;575
2008-05-21;1,11;1,14;1,10;1,14;1.130;1.288
2008-05-20;1,13;1,14;1,12;1,14;3.755;4.281
2008-05-19;1,15;1,15;1,15;1,15;535;615
2008-05-16;1,15;1,15;1,15;1,15;10;12
2008-05-15;1,11;1,16;1,11;1,16;1.540;1.786
2008-05-14;1,27;1,28;1,10;1,10;29.014;31.915
2008-05-13;1,20;1,21;1,20;1,21;1.000;1.210
2008-05-12;1,26;1,27;1,19;1,19;2.881;3.428
2008-05-09;1,24;1,24;1,24;1,24;1.000;1.240
2008-05-08;1,25;1,25;1,25;1,25;142;178
2008-05-07;1,24;1,24;1,24;1,24;500;620
2008-05-06;1,22;1,22;1,22;1,16;1.436;1.666
2008-05-05;1,16;1,22;1,16;1,22;3.100;3.782
2008-05-02;1,21;1,25;1,17;1,23;21.610;26.580
2008-04-30;1,43;1,48;1,43;1,48;2.300;3.404
2008-04-29;1,49;1,49;1,49;1,49;500;745
2008-04-28;1,49;1,49;1,49;1,49;50;75
2008-04-25;1,56;1,56;1,48;1,48;4.500;6.660
2008-04-24;1,56;1,56;1,56;1,56;80;125
2008-04-23;1,58;1,58;1,50;1,56;10.409;16.238
2008-04-22;1,52;1,57;1,52;1,52;7.950;12.084
2008-04-21;1,43;1,43;1,43;1,43;700;1.001
2008-04-18;1,42;1,42;1,42;1,43;700;1.001
2008-04-17;1,50;1,50;1,42;1,42;4.307;6.116
2008-04-16;1,51;1,57;1,42;1,54;12.900;19.866
2008-04-15;1,45;1,54;1,45;1,50;7.371;11.057
2008-04-14;1,43;1,45;1,43;1,50;7.371;11.057
2008-04-11;1,34;1,42;1,34;1,34;6.150;8.241
2008-04-10;1,35;1,35;1,31;1,34;3.016;4.041
2008-04-09;1,32;1,36;1,32;1,36;2.370;3.223
2008-04-08;1,34;1,37;1,34;1,37;3.220;4.411
2008-04-07;1,38;1,38;1,38;1,38;700;966
2008-04-04;1,37;1,37;1,37;1,37;1.400;1.918
2008-04-03;1,30;1,30;1,28;1,28;1.000;1.280
2008-04-02;1,29;1,36;1,29;1,29;5.600;7.224
2008-04-01;1,36;1,37;1,33;1,37;5.510;7.549
2008-03-31;1,35;1,41;1,35;1,41;2.800;3.948
2008-03-28;1,30;1,36;1,30;1,35;22.708;30.656
2008-03-27;1,25;1,32;1,25;1,32;9.900;13.068
2008-03-26;1,22;1,25;1,22;1,25;5.900;7.375
2008-03-25;1,20;1,22;1,19;1,22;2.937;3.583
2008-03-20;1,15;1,21;1,15;1,21;2.955;3.576
2008-03-19;1,14;1,20;1,14;1,19;2.877;3.424
2008-03-18;1,15;1,20;1,15;1,20;12.226;14.671
2008-03-17;1,11;1,16;1,07;1,11;15.185;16.855
2008-03-14;1,18;1,18;1,18;1,18;600;708
2008-03-13;1,17;1,18;1,12;1,18;4.119;4.860
2008-03-12;1,19;1,20;1,14;1,14;3.283;3.743
2008-03-11;1,19;1,19;1,17;1,19;5.919;7.044
2008-03-10;1,16;1,24;1,15;1,15;15.100;17.365
2008-03-07;1,04;1,18;1,00;1,17;19.913;23.298
2008-03-06;1,17;1,17;0,99;1,01;11.710;11.827
2008-03-05;1,16;1,18;1,16;1,16;6.040;7.006
2008-03-04;1,10;1,15;1,10;1,14;10.500;11.970
2008-03-03;1,18;1,18;1,18;1,18;140;165
2008-02-29;1,18;1,18;1,17;1,17;1.370;1.603
2008-02-28;1,18;1,18;1,18;1,18;630;743
2008-02-27;1,18;1,18;1,18;1,18;204;241
2008-02-26;1,18;1,18;1,18;1,18;200;236
2008-02-25;1,11;1,18;1,11;1,18;7.616;8.987
2008-02-22;1,19;1,19;1,12;1,19;2.810;3.344
2008-02-21;1,18;1,19;1,13;1,19;3.430;4.082
2008-02-20;1,18;1,19;1,12;1,19;3.700;4.403
2008-02-19;1,18;1,18;1,18;1,18;150;177
2008-02-18;1,19;1,19;1,09;1,16;4.030;4.675
2008-02-15;1,15;1,19;1,15;1,19;3.990;4.748
2008-02-14;1,07;1,18;1,05;1,18;16.863;19.898
2008-02-13;1,13;1,16;1,13;1,16;5.342;6.197
2008-02-12;1,15;1,20;1,15;1,19;3.185;3.790
2008-02-11;1,18;1,20;1,18;1,20;2.900;3.480
2008-02-08;1,20;1,21;1,20;1,21;1.210;1.464
2008-02-07;1,19;1,22;1,15;1,15;10.580;12.167
2008-02-06;1,15;1,23;1,15;1,23;7.050;8.672
2008-02-05;1,23;1,25;1,13;1,22;39.461;48.142
2008-02-04;1,17;1,33;1,14;1,26;38.155;48.075
2008-02-01;0,97;1,15;0,96;1,14;54.992;62.691
2008-01-31;1,00;1,00;0,93;0,95;14.466;13.743
2008-01-30;1,04;1,04;0,97;1,00;11.434;11.434
2008-01-29;1,02;1,05;0,94;0,99;64.845;64.197
2008-01-28;0,93;1,03;0,84;0,98;119.071;116.690
2008-01-25;0,98;1,00;0,95;0,97;16.210;15.724
2008-01-24;1,01;1,01;1,01;1,01;586;592
2008-01-23;0,98;1,05;0,98;1,01;10.907;11.016
2008-01-22;0,97;1,01;0,89;1,00;16.810;16.810
2008-01-21;1,03;1,05;0,98;0,98;6.520;6.390
2008-01-18;0,99;1,03;0,99;0,99;14.079;13.938
2008-01-17;1,15;1,15;0,96;1,00;29.870;29.870
2008-01-16;1,13;1,17;1,12;1,17;1.150;1.346
2008-01-15;1,18;1,18;1,18;1,18;2.010;2.372
2008-01-14;1,20;1,20;1,11;1,17;9.334;10.921
2008-01-11;1,21;1,24;1,20;1,22;7.845;9.571
2008-01-09;1,27;1,27;1,27;1,27;100;127
2008-01-08;1,25;1,25;1,25;1,25;200;250
2008-01-07;1,27;1,27;1,24;1,24;755;936
2008-01-04; ; ; ;1,29;1.073;1.384
2008-01-03;1,24;1,29;1,24;1,29;3.667;4.730
2008-01-02;1,30;1,30;1,30;1,30;100;130
2007-12-28;1,23;1,30;1,21;1,30;11.871;15.432
2007-12-27;1,23;1,25;1,23;1,25;834;1.043
2007-12-21;1,23;1,31;1,22;1,27;20.971;26.633
2007-12-20;1,31;1,31;1,31;1,31;50;66
2007-12-19; ; ; ;1,29;1.878;2.423
2007-12-18; ; ; ;1,32;2.200;2.904
2007-12-17; ; ; ;1,24;1.395;1.730
2007-12-14;1,31;1,31;1,31;1,31;800;1.048
2007-12-13;1,33;1,33;1,33;1,33;91;121
2007-12-12;1,36;1,36;1,28;1,33;3.292;4.378
2007-12-11;1,31;1,35;1,31;1,35;180;243
2007-12-10;1,36;1,36;1,30;1,35;2.140;2.889
2007-12-07;1,30;1,35;1,27;1,27;5.491;6.974
2007-12-06;1,28;1,30;1,23;1,30;5.493;7.141
2007-12-05;1,22;1,22;1,22;1,22;1.166;1.423
2007-12-04;1,26;1,32;1,26;1,32;834;1.101
2007-12-03;1,38;1,38;1,32;1,38;550;759
2007-11-30;1,32;1,35;1,32;1,35;2.635;3.557
2007-11-29;1,32;1,32;1,32;1,32;100;132
2007-11-28;1,35;1,35;1,35;1,35;115;155
2007-11-26;1,27;1,35;1,27;1,35;4.270;5.765
2007-11-23;1,26;1,32;1,26;1,32;8.259;10.902
2007-11-22;1,33;1,34;1,30;1,34;1.852;2.482
2007-11-21;1,36;1,36;1,29;1,33;2.601;3.459
2007-11-20;1,32;1,39;1,32;1,36;4.110;5.590
2007-11-19;1,39;1,39;1,39;1,39;1.800;2.502
2007-11-16;1,31;1,41;1,31;1,41;16.107;22.711
2007-11-15;1,33;1,37;1,29;1,37;2.500;3.425
2007-11-14;1,29;1,29;1,29;1,30;7.500;9.750
2007-11-13;1,39;1,42;1,30;1,30;19.174;24.926
2007-11-12;1,41;1,42;1,40;1,42;12.100;17.182
2007-11-09;1,48;1,48;1,45;1,45;3.121;4.525
2007-11-08;1,44;1,48;1,44;1,48;1.615;2.390
2007-11-07;1,50;1,50;1,50;1,50;490;735
2007-11-05;1,47;1,51;1,47;1,51;4.300;6.493
2007-11-02; ; ; ;1,49;3.360;5.006
2007-11-01;1,48;1,48;1,48;1,48;458;678
2007-10-30;1,39;1,48;1,38;1,48;1.995;2.953
2007-10-29;1,44;1,48;1,37;1,48;10.740;15.895
2007-10-26;1,44;1,46;1,44;1,46;725;1.059
2007-10-25;1,39;1,39;1,39;1,39;490;681
2007-10-24;1,40;1,44;1,39;1,43;5.077;7.260
2007-10-23;1,44;1,44;1,44;1,44;1.135;1.634
2007-10-22;1,46;1,46;1,41;1,41;3.642;5.135
2007-10-19;1,46;1,46;1,46;1,46;337;492
2007-10-18;1,46;1,46;1,42;1,46;5.955;8.694
2007-10-17;1,46;1,47;1,45;1,43;7.070;10.110
2007-10-16;1,48;1,54;1,48;1,50;1.697;2.546
2007-10-15;1,53;1,54;1,52;1,54;3.593;5.533
2007-10-12;1,53;1,53;1,50;1,53;1.027;1.571
2007-10-11;1,51;1,51;1,49;1,49;2.425;3.613
2007-10-10;1,50;1,53;1,50;1,53;2.005;3.068
2007-10-09;1,50;1,50;1,50;1,50;4.830;7.245
2007-10-08;1,50;1,50;1,49;1,50;4.450;6.675
2007-10-05;1,51;1,54;1,49;1,49;3.760;5.602
2007-10-04;1,56;1,56;1,56;1,56;60;94
2007-10-03;1,52;1,52;1,52;1,52;6.300;9.576
2007-10-02;1,57;1,57;1,51;1,51;450;680
2007-10-01;1,57;1,57;1,57;1,57;200;314
2007-09-28;1,51;1,58;1,51;1,53;3.848;5.887
2007-09-27;1,55;1,60;1,52;1,53;13.300;20.349
2007-09-26;1,64;1,64;1,56;1,56;2.939;4.585
2007-09-25;1,64;1,64;1,56;1,64;680;1.115
2007-09-24;1,65;1,65;1,64;1,64;246;403
2007-09-20;1,58;1,66;1,58;1,66;300;498
2007-09-19;1,64;1,65;1,59;1,65;814;1.343
2007-09-18;1,61;1,65;1,60;1,65;1.750;2.888
2007-09-17;1,63;1,68;1,61;1,68;670;1.126
2007-09-14;1,68;1,68;1,63;1,68;1.876;3.152
2007-09-13;1,66;1,68;1,61;1,68;1.801;3.026
2007-09-12;1,69;1,69;1,68;1,69;2.400;4.056
2007-09-11;1,66;1,66;1,66;1,66;1.000;1.660
2007-09-10;1,65;1,72;1,60;1,71;9.658;16.515
2007-09-07;1,59;1,61;1,55;1,66;4.250;7.055
2007-09-06;1,60;1,61;1,58;1,58;10.320;16.306
2007-09-05;1,54;1,58;1,54;1,55;7.004;10.856
2007-09-04;1,59;1,59;1,589;1,589;347;551
2007-09-03;1,679;1,68;1,53;1,59;13.152;20.912
2007-08-31;1,66;1,67;1,66;1,67;2.283;3.813
2007-08-30;1,68;1,68;1,55;1,66;1.578;2.619
2007-08-29;1,59;1,60;1,57;1,587;10.900;17.298
2007-08-28;1,68;1,73;1,65;1,73;12.982;22.459
2007-08-27;1,75;1,75;1,68;1,75;6.370;11.148
2007-08-24;1,77;1,89;1,70;1,74;10.044;17.477
2007-08-23;1,87;1,87;1,78;1,85;4.744;8.776
2007-08-22;1,70;1,86;1,70;1,86;23.889;44.434
2007-08-21;1,68;1,70;1,65;1,69;8.500;14.365
2007-08-20;1,67;1,67;1,67;1,67;1.000;1.670
2007-08-17;1,65;1,65;1,54;1,65;6.950;11.468
2007-08-16;1,67;1,71;1,58;1,71;28.440;48.632
2007-08-15;1,75;1,75;1,71;1,74;2.071;3.604
2007-08-14;1,74;1,78;1,71;1,75;4.140;7.245
2007-08-13;1,71;1,79;1,71;1,78;21.263;37.848
2007-08-10;1,77;1,78;1,77;1,78;2.800;4.984
2007-08-09;1,69;1,78;1,69;1,78;660;1.175
2007-08-08;1,65;1,77;1,65;1,77;12.741;22.552
2007-08-07;1,80;1,80;1,65;1,67;20.428;34.115
2007-08-06;1,80;1,80;1,69;1,79;3.760;6.730
2007-08-03;1,75;1,78;1,70;1,70;5.221;8.876
2007-08-02;1,70;1,71;1,68;1,71;6.543;11.189
2007-08-01;1,73;1,78;1,70;1,70;7.730;13.141
2007-07-31;1,74;1,81;1,73;1,73;7.169;12.402
2007-07-30;1,90;1,90;1,75;1,75;11.086;19.401
2007-07-27;1,81;1,89;1,76;1,89;4.500;8.505
2007-07-26;1,75;1,88;1,75;1,87;2.313;4.325
2007-07-25;1,90;1,90;1,65;1,80;47.170;84.906
2007-07-24;1,94;2,02;1,85;1,85;29.370;54.335
2007-07-23;2,12;2,17;1,80;1,90;35.340;67.146
2007-07-20;2,19;2,19;2,10;2,19;5.500;12.045
2007-07-19;2,25;2,25;2,11;2,11;17.266;36.431
2007-07-18;2,14;2,21;2,13;2,20;4.540;9.988
2007-07-17; ; ; ;2,13;47.655;101.505
2007-07-16;2,34;2,34;2,28;2,34;4.630;10.834
2007-07-12;2,35;2,35;2,25;2,28;6.600;15.048
2007-07-11;2,36;2,36;2,30;2,30;4.150;9.545
2007-07-10;2,35;2,40;2,30;2,40;6.416;15.398
2007-07-09;2,31;2,38;2,30;2,38;2.250;5.355
2007-07-05;2,37;2,38;2,35;2,38;580;1.380
2007-07-04;2,35;2,36;2,35;2,36;2.622;6.188
2007-07-03;2,27;2,35;2,27;2,35;3.721;8.744
2007-07-02;2,35;2,35;2,35;2,35;100;235
2007-06-29;2,35;2,35;2,35;2,35;10;24
2007-06-28;2,28;2,35;2,25;2,25;8.339;18.763
2007-06-27;2,30;2,35;2,28;2,33;4.275;9.961
2007-06-26;2,21;2,35;2,21;2,35;11.040;25.944
2007-06-25;2,26;2,26;2,22;2,23;4.506;10.048
2007-06-22;2,26;2,34;2,26;2,26;655;1.480
2007-06-21;2,35;2,35;2,35;2,35;190;447
2007-06-20;2,34;2,34;2,26;2,34;805;1.884
2007-06-19;2,35;2,35;2,26;2,35;2.000;4.700
2007-06-18;2,34;2,35;2,24;2,32;6.570;15.242
2007-06-15;2,25;2,35;2,25;2,35;16.343;38.406
2007-06-14;2,28;2,33;2,26;2,32;5.121;11.881
2007-06-13;2,30;2,30;2,26;2,26;1.920;4.339
2007-06-12;2,20;2,29;2,16;2,22;12.660;28.105
2007-06-11;2,29;2,30;2,27;2,30;8.270;19.021
2007-06-08;2,29;2,34;2,29;2,34;1.500;3.510
2007-06-07;2,30;2,40;2,29;2,39;2.512;6.004
2007-06-06;2,37;2,41;2,31;2,41;7.730;18.629
2007-06-05;2,41;2,44;2,41;2,44;2.178;5.314
2007-06-04;2,37;2,41;2,32;2,41;2.880;6.941
2007-06-01;2,36;2,36;2,31;2,33;1.449;3.376
2007-05-31;2,37;2,40;2,33;2,37;6.825;16.175
2007-05-30;2,37;2,37;2,37;2,37;500;1.185
2007-05-29;2,30;2,30;2,30;2,30;1.620;3.726
2007-05-25;2,35;2,37;2,30;2,37;13.515;32.031
2007-05-24;2,36;2,39;2,36;2,39;4.550;10.875
2007-05-23;2,38;2,39;2,35;2,39;4.360;10.420
2007-05-22;2,37;2,37;2,37;2,37;7.200;17.064
2007-05-21;2,38;2,39;2,34;2,38;16.950;40.341
2007-05-18;2,30;2,38;2,30;2,30;2.520;5.796
2007-05-16; ; ; ;2,39;1.730;4.135
2007-05-15;2,35;2,39;2,35;2,39;1.050;2.510
2007-05-14;2,32;2,39;2,27;2,39;1.850;4.422
2007-05-11;2,40;2,41;2,22;2,35;66.550;156.393
2007-05-10;2,50;2,51;2,37;2,40;32.215;77.316
2007-05-09;2,50;2,52;2,45;2,52;12.500;31.500
2007-05-08;2,46;2,50;2,43;2,43;3.119;7.579
2007-05-07;2,48;2,55;2,48;2,55;9.155;23.345
2007-05-04;2,45;2,55;2,45;2,55;7.670;19.559
2007-05-03;2,50;2,57;2,49;2,55;14.980;38.199
2007-05-02;2,65;2,65;2,55;2,55;10.750;27.413
2007-04-30;2,64;2,65;2,55;2,65;4.550;12.058
2007-04-27;2,51;2,65;2,51;2,65;24.056;63.748
2007-04-26;2,60;2,64;2,57;2,64;8.580;22.651
2007-04-25;2,59;2,60;2,49;2,58;9.260;23.891
2007-04-24;2,58;2,60;2,46;2,58;24.397;62.944
2007-04-23;2,55;2,60;2,55;2,58;12.280;31.682
2007-04-20;1,95;2,58;1,95;2,50;110.971;277.428
2007-04-19;2,43;2,45;2,41;2,41;5.650;13.617
2007-04-18;2,43;2,45;2,43;2,45;400;980
2007-04-17;2,50;2,50;2,44;2,44;1.125;2.745
2007-04-16;2,50;2,53;2,42;2,42;6.850;16.577
2007-04-13;2,55;2,55;2,50;2,50;3.350;8.375
2007-04-12;2,50;2,58;2,50;2,58;520;1.342
2007-04-11;2,43;2,59;2,40;2,50;35.550;88.875
2007-04-10;2,37;2,41;2,37;2,40;13.980;33.552
2007-04-05;2,44;2,45;2,38;2,44;11.353;27.701
2007-04-03;2,44;2,44;2,44;2,44;2.102;5.129
2007-04-02;2,40;2,40;2,40;2,45;1.185;2.903
2007-03-30;2,39;2,40;2,38;2,40;4.912;11.789
2007-03-29;2,45;2,45;2,38;2,40;1.781;4.274
2007-03-28;2,43;2,44;2,37;2,37;3.528;8.361
2007-03-27;2,43;2,43;2,43;2,43;240;583
2007-03-26;2,43;2,48;2,42;2,45;6.138;15.038
2007-03-23;2,40;2,45;2,40;2,45;3.270;8.012
2007-03-21;2,39;2,39;2,39;2,39;839;2.005
2007-03-20;2,43;2,43;2,35;2,43;1.815;4.410
2007-03-19;2,44;2,45;2,36;2,44;11.305;27.584
2007-03-16;2,46;2,46;2,46;2,46;720;1.771
2007-03-15;2,44;2,46;2,44;2,46;1.420;3.493
2007-03-14;2,39;2,46;2,39;2,46;1.085;2.669
2007-03-12;2,46;2,46;2,46;2,45;400;980
2007-03-09;2,47;2,47;2,40;2,40;1.500;3.600
2007-03-08;2,46;2,46;2,46;2,46;1.000;2.460
2007-03-07;2,46;2,46;2,46;2,46;90;221
2007-03-06;2,40;2,43;2,38;2,43;6.410;15.576
2007-03-05;2,42;2,46;2,38;2,38;11.760;27.989
2007-03-02;2,40;2,46;2,39;2,46;16.032;39.439
2007-03-01;2,37;2,37;2,35;2,35;7.900;18.565
2007-02-28;2,42;2,48;2,39;2,44;8.320;20.301
2007-02-27;2,50;2,50;2,41;2,48;19.048;47.239
2007-02-26;2,44;2,50;2,44;2,50;21.755;54.388
2007-02-23;2,50;2,50;2,50;2,50;60;150
2007-02-22;2,42;2,50;2,42;2,50;8.500;21.250
2007-02-21;2,45;2,50;2,42;2,50;5.849;14.623
2007-02-20;2,48;2,50;2,43;2,50;18.694;46.735
2007-02-19;2,42;2,42;2,41;2,41;2.744;6.613
2007-02-16;2,42;2,50;2,40;2,50;1.926;4.815
2007-02-15;2,50;2,51;2,45;2,50;1.225;3.063
2007-02-14;2,42;2,51;2,40;2,50;13.766;34.415
2007-02-13;2,50;2,53;2,42;2,42;5.000;12.100
2007-02-12;2,43;2,50;2,43;2,43;2.428;5.900
2007-02-09;2,48;2,50;2,45;2,50;7.650;19.125
2007-02-08;2,49;2,49;2,43;2,43;2.000;4.860
2007-02-07;2,50;2,52;2,45;2,50;18.342;45.855
2007-02-06;2,48;2,50;2,47;2,49;23.023;57.327
2007-02-05;2,40;2,48;2,40;2,48;3.275;8.122
2007-02-02;2,39;2,49;2,39;2,48;20.890;51.807
2007-02-01;2,41;2,50;2,40;2,40;34.643;83.143
2007-01-31;2,43;2,48;2,43;2,48;1.505;3.732
2007-01-30;2,48;2,50;2,48;2,49;730;1.818
2007-01-29;2,45;2,48;2,45;2,48;4.800;11.904
2007-01-26;2,42;2,50;2,42;2,45;1.270;3.112
2007-01-25;2,45;2,50;2,45;2,50;1.060;2.650
2007-01-24;2,49;2,50;2,49;2,50;1.630;4.075
2007-01-23;2,51;2,51;2,44;2,50;8.700;21.750
2007-01-22;2,51;2,51;2,45;2,45;7.640;18.718
2007-01-19;2,52;2,53;2,51;2,53;5.200;13.156
2007-01-18;2,53;2,53;2,46;2,53;25.660;64.920
2007-01-17;2,59;2,59;2,40;2,50;11.789;29.473
2007-01-16;2,59;2,59;2,53;2,59;10.561;27.353
2007-01-15;2,59;2,59;2,53;2,55;1.539;3.924
2007-01-12;2,61;2,63;2,55;2,59;6.080;15.747
2007-01-11;2,63;2,64;2,55;2,64;9.240;24.394
2007-01-10;2,56;2,64;2,52;2,64;15.000;39.600
2007-01-09;2,60;2,60;2,60;2,57;2.800;7.196
2007-01-08;2,63;2,64;2,56;2,63;5.300;13.939
2007-01-05;2,66;2,66;2,65;2,65;1.288;3.413
2007-01-04;2,66;2,66;2,66;2,66;270;718
2007-01-03;2,66;2,67;2,66;2,67;6.135;16.380
2007-01-02;2,57;2,66;2,57;2,66;50.106;133.282
2007-01-01; ; ; ;2,56;0;0
2006-12-29;2,50;2,56;2,45;2,56;2.555;6.541
2006-12-28;2,53;2,56;2,52;2,56;1.200;3.072
2006-12-27;2,50;2,58;2,47;2,56;3.525;9.024
2006-12-26; ; ; ;2,56;0;0
2006-12-25; ; ; ;2,56;0;0
2006-12-22;2,50;2,59;2,50;2,56;4.125;10.560
2006-12-21;2,51;2,62;2,50;2,50;18.000;45.000
2006-12-20;2,50;2,52;2,50;2,50;13.100;32.750
2006-12-19;2,40;2,49;2,40;2,49;5.108;12.719
2006-12-18;2,46;2,49;2,45;2,49;6.750;16.808
2006-12-15;2,41;2,51;2,41;2,49;7.048;17.550
2006-12-14;2,40;2,43;2,40;2,41;2.110;5.085
2006-12-13;2,40;2,40;2,37;2,39;4.398;10.511
2006-12-12;2,36;2,43;2,35;2,43;5.273;12.813
2006-12-11;2,40;2,40;2,38;2,38;4.107;9.775
2006-12-08;2,45;2,46;2,42;2,42;7.360;17.811
2006-12-07;2,48;2,48;2,46;2,46;1.205;2.964
2006-12-06;2,46;2,48;2,38;2,38;3.131;7.452
2006-12-04;2,35;2,50;2,34;2,49;9.750;24.278
2006-12-01;2,40;2,40;2,30;2,30;17.412;40.048
2006-11-30;2,42;2,45;2,31;2,40;25.272;60.653
2006-11-29;2,49;2,49;2,40;2,41;10.991;26.488
2006-11-28;2,69;2,70;2,55;2,55;16.783;42.797
2006-11-27;2,75;2,82;2,59;2,61;19.244;50.227
2006-11-24;2,82;2,82;2,75;2,82;20.605;58.106
2006-11-23;2,85;2,88;2,75;2,86;42.777;122.342
2006-11-22;2,75;2,85;2,69;2,85;32.877;93.699
2006-11-21; ; ; ;2,68;6.423;17.214
2006-11-20;2,77;2,85;2,71;2,85;6.705;19.109
2006-11-17;2,74;2,79;2,66;2,78;34.494;95.893
2006-11-16;2,70;2,74;2,69;2,70;28.920;78.084
2006-11-15;2,69;2,70;2,68;2,68;4.270;11.444
2006-11-14;2,73;2,73;2,61;2,61;44.155;115.245
2006-11-13;2,75;2,77;2,71;2,71;13.979;37.883
2006-11-10;2,70;2,75;2,70;2,70;35.095;94.757
2006-11-09;2,44;2,75;2,43;2,69;131.565;353.910
2006-11-08;2,50;2,50;2,45;2,44;7.016;17.119
2006-11-07;2,49;2,52;2,45;2,52;4.400;11.088
2006-11-06;2,50;2,55;2,41;2,46;83.478;205.356
2006-11-03;2,30;2,50;2,30;2,44;209.745;511.778
2006-11-02;2,26;2,30;2,23;2,25;15.105;33.986
2006-11-01;2,27;2,27;2,25;2,26;1.890;4.271
2006-10-31;2,25;2,28;2,25;2,25;1.076;2.421
2006-10-30;2,30;2,30;2,30;2,30;300;690
2006-10-27;2,26;2,26;2,26;2,26;3.000;6.780
2006-10-26;2,27;2,30;2,25;2,30;5.985;13.766
2006-10-25;2,26;2,30;2,26;2,30;1.275;2.933
2006-10-24;2,34;2,34;2,27;2,33;12.220;28.473
2006-10-23;2,26;2,33;2,26;2,32;5.963;13.834
2006-10-20;2,25;2,28;2,25;2,28;1.470;3.352
2006-10-19; ; ; ;2,25;2.500;5.625
2006-10-18;2,24;2,24;2,21;2,21;355;785
2006-10-17;2,24;2,24;2,24;2,24;1.945;4.357
2006-10-16;2,30;2,30;2,20;2,24;12.728;28.511
2006-10-13;2,28;2,28;2,20;2,27;4.785;10.862
2006-10-12;2,25;2,28;2,22;2,28;6.150;14.022
2006-10-11;2,23;2,30;2,22;2,22;10.865;24.120
2006-10-10;2,30;2,31;2,30;2,31;160;370
2006-10-09;2,32;2,32;2,32;2,32;1.000;2.320
2006-10-06;2,23;2,23;2,23;2,31;110;254
2006-10-05;2,30;2,30;2,27;2,30;7.850;18.055
2006-10-04;2,32;2,32;2,32;2,32;140;325
2006-10-03; ; ; ;2,32;94;218
2006-10-02;2,25;2,32;2,25;2,32;1.210;2.807
2006-09-29;2,26;2,32;2,24;2,29;7.070;16.190
2006-09-28;2,25;2,32;2,25;2,32;2.580;5.986
2006-09-27;2,30;2,30;2,30;2,30;480;1.104
2006-09-26;2,30;2,32;2,26;2,26;1.352;3.056
2006-09-25;2,32;2,32;2,27;2,30;2.134;4.908
2006-09-22;2,32;2,33;2,32;2,33;2.100;4.893
2006-09-21;2,32;2,34;2,30;2,33;5.050;11.767
2006-09-20;2,34;2,34;2,29;2,29;4.900;11.221
2006-09-19;2,24;2,34;2,24;2,34;10.900;25.506
2006-09-18;2,32;2,34;2,25;2,31;9.500;21.945
2006-09-15;2,25;2,30;2,22;2,22;5.511;12.234
2006-09-14;2,33;2,33;2,28;2,32;5.059;11.737
2006-09-13;2,33;2,34;2,28;2,34;10.700;25.038
2006-09-12;2,35;2,35;2,30;2,30;2.328;5.354
2006-09-11;2,37;2,37;2,30;2,35;3.500;8.225
2006-09-08;2,38;2,38;2,38;2,38;126;300
2006-09-07;2,36;2,37;2,36;2,37;1.050;2.489
2006-09-06;2,35;2,36;2,35;2,36;1.200;2.832
2006-09-05;2,35;2,36;2,35;2,36;1.500;3.540
2006-09-04;2,30;2,40;2,30;2,40;24.213;58.111
2006-09-01;2,36;2,37;2,36;2,37;5.850;13.865
2006-08-31;2,37;2,37;2,37;2,37;2.100;4.977
2006-08-30;2,33;2,33;2,33;2,36;700;1.652
2006-08-29;2,28;2,36;2,28;2,36;11.331;26.741
2006-08-28;2,27;2,35;2,27;2,35;1.608;3.779
2006-08-25;2,37;2,38;2,28;2,28;13.227;30.158
2006-08-24;2,38;2,38;2,38;2,38;1.776;4.227
2006-08-23;2,38;2,39;2,33;2,38;2.400;5.712
2006-08-22;2,38;2,38;2,38;2,38;200;476
2006-08-21;2,37;2,39;2,36;2,39;17.280;41.299
2006-08-18;2,29;2,36;2,29;2,36;5.150;12.154
2006-08-17;2,37;2,37;2,37;2,37;2.100;4.977
2006-08-16;2,39;2,39;2,28;2,37;18.549;43.961
2006-08-15;2,32;2,39;2,32;2,37;4.240;10.049
2006-08-14;2,38;2,40;2,34;2,32;6.795;15.764
2006-08-11;2,35;2,39;2,35;2,39;1.000;2.390
2006-08-10;2,39;2,40;2,39;2,39;31.200;74.568
2006-08-09;2,39;2,41;2,34;2,41;6.235;15.026
2006-08-08;2,36;2,40;2,35;2,39;12.400;29.636
2006-08-07;2,40;2,40;2,35;2,35;1.750;4.113
2006-08-04;2,41;2,41;2,37;2,37;1.980;4.693
2006-08-03;2,42;2,42;2,41;2,41;549;1.323
2006-08-02;2,40;2,43;2,40;2,43;1.810;4.398
2006-08-01;2,34;2,39;2,32;2,39;8.781;20.987
2006-07-31;2,33;2,37;2,32;2,37;2.700;6.399
2006-07-28;2,26;2,33;2,21;2,33;32.753;76.314
2006-07-27;2,30;2,30;2,23;2,28;5.828;13.288
2006-07-26;2,30;2,36;2,30;2,34;5.637;13.191
2006-07-25;2,38;2,38;2,37;2,38;1.660;3.951
2006-07-24;2,29;2,38;2,29;2,38;1.626;3.870
2006-07-21;2,30;2,38;2,30;2,38;1.710;4.070
2006-07-20;2,35;2,38;2,35;2,35;3.000;7.050
2006-07-19;2,35;2,38;2,35;2,38;1.494;3.556
2006-07-18;2,37;2,38;2,35;2,38;7.330;17.445
2006-07-17;2,37;2,40;2,37;2,38;5.675;13.507
2006-07-14;2,38;2,44;2,34;2,40;16.250;39.000
2006-07-13;2,45;2,45;2,45;2,45;275;674
2006-07-12;2,42;2,45;2,42;2,45;16.965;41.564
2006-07-11;2,36;2,43;2,36;2,36;725;1.711
2006-07-10;2,40;2,44;2,37;2,44;9.650;23.546
2006-07-07;2,45;2,45;2,44;2,44;525;1.281
2006-07-06;2,42;2,46;2,37;2,37;28.255;66.964
2006-07-05;2,40;2,45;2,36;2,45;20.855;51.095
2006-07-04;2,40;2,45;2,40;2,45;300;735
2006-07-03;2,40;2,45;2,40;2,45;2.020;4.949
2006-06-30;2,44;2,44;2,34;2,44;4.494;10.965
2006-06-29;2,35;2,44;2,35;2,44;2.712;6.617
2006-06-28;2,42;2,42;2,40;2,40;719;1.726
2006-06-27;2,42;2,42;2,42;2,42;300;726
2006-06-26;2,40;2,42;2,40;2,42;8.800;21.296
2006-06-23;2,42;2,42;2,40;2,40;3.725;8.940
2006-06-22;2,44;2,44;2,44;2,44;326;795
2006-06-21;2,44;2,44;2,34;2,44;13.009;31.742
2006-06-20;2,45;2,45;2,32;2,45;3.684;9.026
2006-06-19;2,44;2,45;2,44;2,45;1.650;4.043
2006-06-16;2,40;2,45;2,40;2,45;1.085;2.658
2006-06-15;2,45;2,45;2,45;2,45;45;110
2006-06-14;2,43;2,43;2,43;2,43;90;219
2006-06-13;2,36;2,46;2,32;2,31;8.275;19.115
2006-06-12;2,36;2,49;2,36;2,40;10.500;25.200
2006-06-09;2,37;2,48;2,35;2,48;41.680;103.366
2006-06-08;2,38;2,46;2,31;2,39;36.490;87.211
2006-06-07;2,41;2,50;2,40;2,50;1.911;4.778
2006-06-06;2,57;2,57;2,42;2,50;3.200;8.000
2006-06-05;2,50;2,57;2,50;2,57;784;2.015
2006-06-02;2,51;2,56;2,50;2,56;1.590;4.070
2006-06-01;2,57;2,57;2,50;2,55;3.410;8.696
2006-05-31;2,44;2,57;2,43;2,57;8.970;23.053
2006-05-30;2,58;2,58;2,58;2,58;160;413
2006-05-29;2,48;2,58;2,43;2,57;10.945;28.129
2006-05-26;2,40;2,47;2,40;2,47;8.435;20.834
2006-05-25;2,42;2,47;2,42;2,47;3.179;7.852
2006-05-24;2,42;2,47;2,41;2,47;4.266;10.537
2006-05-23;2,48;2,48;2,48;2,45;2.617;6.412
2006-05-22;2,48;2,48;2,43;2,48;1.454;3.606
2006-05-19;2,49;2,50;2,44;2,49;7.005;17.442
2006-05-18; ; ; ;2,50;34.798;86.995
2006-05-17;2,50;2,54;2,50;2,45;6.505;15.937
2006-05-16;2,55;2,55;2,50;2,53;7.150;18.090
2006-05-15;2,60;2,60;2,44;2,58;19.758;50.976
2006-05-12;2,55;2,60;2,51;2,51;2.500;6.275
2006-05-11;2,62;2,62;2,56;2,60;2.487;6.466
2006-05-10;2,62;2,63;2,56;2,63;1.400;3.682
2006-05-09;2,62;2,64;2,62;2,64;1.080;2.851
2006-05-08;2,56;2,63;2,56;2,63;3.330;8.758
2006-05-05;2,63;2,66;2,59;2,66;12.220;32.505
2006-05-04;2,61;2,64;2,60;2,63;4.900;12.887
2006-05-03;2,69;2,69;2,60;2,67;1.200;3.204
2006-05-02;2,69;2,69;2,64;2,65;10.770;28.541
2006-05-01; ; ; ;2,69;0;0
2006-04-28;2,75;2,75;2,67;2,69;32.428;87.231
2006-04-27;2,63;2,68;2,62;2,68;2.644;7.086
2006-04-26;2,69;2,69;2,69;2,69;100;269
2006-04-25;2,69;2,69;2,64;2,64;4.600;12.144
2006-04-24;2,70;2,71;2,65;2,68;8.289;22.215
2006-04-21;2,67;2,73;2,67;2,70;5.692;15.368
2006-04-20;2,71;2,72;2,67;2,72;6.420;17.462
2006-04-19;2,72;2,72;2,64;2,70;9.930;26.811
2006-04-18;2,72;2,72;2,66;2,72;3.251;8.843
2006-04-17; ; ; ;2,72;0;0
2006-04-14; ; ; ;2,72;0;0
2006-04-13;2,72;2,72;2,69;2,72;55.867;151.958
2006-04-12;2,75;2,75;2,70;2,72;5.410;14.715
2006-04-11;2,70;2,76;2,70;2,76;33.695;92.998
2006-04-10;2,74;2,75;2,72;2,75;9.582;26.351
2006-04-07;2,72;2,74;2,68;2,74;32.140;88.064
2006-04-06;2,63;2,73;2,63;2,72;62.441;169.840
2006-04-05;2,58;2,64;2,58;2,63;13.502;35.510
2006-04-04;2,60;2,62;2,59;2,60;3.300;8.580
2006-04-03;2,53;2,60;2,53;2,60;9.600;24.960
2006-03-31;2,53;2,59;2,53;2,59;3.250;8.418
2006-03-30;2,63;2,63;2,55;2,55;6.450;16.448
2006-03-29;2,60;2,60;2,60;2,60;500;1.300
2006-03-28;2,64;2,65;2,55;2,61;20.301;52.986
2006-03-27;2,65;2,67;2,56;2,64;10.277;27.131
2006-03-24;2,63;2,66;2,58;2,65;35.260;93.439
2006-03-23;2,56;2,65;2,53;2,53;10.993;27.812
2006-03-22;2,62;2,66;2,54;2,65;4.439;11.763
2006-03-21;2,62;2,71;2,62;2,67;23.708;63.300
2006-03-20;2,56;2,62;2,50;2,62;35.857;93.945
2006-03-17;2,41;2,46;2,40;2,46;3.760;9.250
2006-03-16;2,39;2,45;2,39;2,45;2.270;5.562
2006-03-15;2,43;2,45;2,36;2,45;10.603;25.977
2006-03-14;2,40;2,45;2,38;2,39;5.245;12.536
2006-03-13;2,46;2,46;2,39;2,39;321;767
2006-03-10;2,41;2,50;2,37;2,45;5.758;14.107
2006-03-09;2,51;2,54;2,31;2,41;56.694;136.633
2006-03-08;2,60;2,60;2,51;2,59;8.782;22.745
2006-03-07;2,62;2,62;2,60;2,60;187;486
2006-03-06;2,57;2,61;2,54;2,60;5.950;15.470
2006-03-03;2,58;2,63;2,56;2,62;10.434;27.337
2006-03-02;2,64;2,64;2,52;2,64;16.150;42.636
2006-03-01;2,67;2,67;2,59;2,64;1.250;3.300
2006-02-28;2,65;2,68;2,60;2,65;103.390;273.984
2006-02-27;2,63;2,65;2,60;2,65;16.887;44.751
2006-02-24;2,65;2,65;2,55;2,55;4.650;11.858
2006-02-23;2,65;2,65;2,57;2,64;14.857;39.222
2006-02-22;2,64;2,65;2,64;2,65;2.483;6.580
2006-02-21;2,56;2,65;2,56;2,65;11.573;30.668
2006-02-20;2,66;2,66;2,56;2,65;18.001;47.703
2006-02-17;2,66;2,69;2,66;2,66;10.760;28.622
2006-02-16;2,62;2,68;2,59;2,64;11.234;29.658
2006-02-15;2,62;2,67;2,61;2,61;18.759;48.961
2006-02-14;2,61;2,65;2,61;2,65;4.500;11.925
2006-02-13;2,73;2,73;2,63;2,63;12.900;33.927
2006-02-10;2,75;2,75;2,68;2,68;2.680;7.182
2006-02-09;2,70;2,74;2,70;2,70;3.018;8.149
2006-02-08;2,70;2,75;2,70;2,75;6.422;17.661
2006-02-07;2,75;2,78;2,70;2,76;24.501;67.623
2006-02-06;2,76;2,79;2,73;2,79;24.469;68.269
2006-02-03;2,79;2,84;2,75;2,80;18.300;51.240
2006-02-02;2,51;2,84;2,51;2,80;78.539;219.909
2006-02-01;2,55;2,56;2,45;2,55;13.950;35.573
2006-01-31;2,51;2,56;2,51;2,56;6.966;17.833
2006-01-30;2,51;2,56;2,51;2,56;3.820;9.779
2006-01-27;2,54;2,57;2,50;2,57;11.753;30.205
2006-01-26;2,57;2,57;2,47;2,54;7.650;19.431
2006-01-25;2,49;2,56;2,48;2,56;15.610;39.962
2006-01-24;2,56;2,57;2,51;2,55;19.160;48.858
2006-01-23;2,50;2,59;2,50;2,57;14.021;36.034
2006-01-20;2,59;2,59;2,50;2,56;47.580;121.805
2006-01-19;2,68;2,68;2,52;2,59;39.483;102.261
2006-01-18;2,67;2,67;2,59;2,63;14.882;39.140
2006-01-17;2,65;2,68;2,61;2,65;12.385;32.820
2006-01-16;2,64;2,70;2,63;2,69;4.170;11.217
2006-01-13;2,64;2,70;2,64;2,70;7.072;19.094
2006-01-12;2,67;2,70;2,64;2,70;12.392;33.458
2006-01-11;2,65;2,70;2,64;2,70;17.667;47.701
2006-01-10;2,68;2,71;2,68;2,70;8.489;22.920
2006-01-09;2,65;2,73;2,65;2,72;19.110;51.979
2006-01-06;2,68;2,73;2,68;2,73;27.100;73.983
2006-01-05;2,72;2,72;2,72;2,72;6.500;17.680
2006-01-04;2,73;2,73;2,73;2,73;500;1.365
2006-01-03;2,73;2,73;2,68;2,73;13.260;36.200
2006-01-02;2,70;2,73;2,70;2,73;747;2.039
2005-12-30;2,72;2,73;2,65;2,73;3.054;8.337
2005-12-29;2,70;2,73;2,65;2,73;3.338;9.113
2005-12-28;2,64;2,72;2,64;2,72;30.874;83.977
2005-12-27;2,63;2,70;2,63;2,67;30.838;82.337
2005-12-26; ; ; ;2,72;0;0
2005-12-23;2,65;2,73;2,65;2,72;3.729;10.143
2005-12-22;2,73;2,73;2,65;2,73;5.550;15.152
2005-12-21;2,71;2,73;2,66;2,66;10.450;27.797
2005-12-20;2,75;2,75;2,66;2,72;6.110;16.619
2005-12-19;2,75;2,75;2,65;2,75;91.071;250.445
2005-12-16;2,70;2,75;2,68;2,75;12.759;35.087
2005-12-15;2,75;2,75;2,69;2,75;58.519;160.927
2005-12-14;2,71;2,75;2,70;2,75;58.139;159.882
2005-12-13;2,66;2,73;2,66;2,73;8.788;23.991
2005-12-12;2,74;2,74;2,65;2,73;7.100;19.383
2005-12-09;2,72;2,72;2,67;2,67;243;649
2005-12-08;2,67;2,72;2,67;2,67;6.966;18.599
2005-12-07;2,69;2,72;2,69;2,72;34.798;94.651
2005-12-06;2,74;2,75;2,68;2,70;8.330;22.491
2005-12-05;2,65;2,75;2,65;2,75;4.324;11.891
2005-12-02;2,69;2,75;2,68;2,70;21.220;57.294
2005-12-01;2,74;2,75;2,74;2,74;1.700;4.658
2005-11-30;2,69;2,76;2,69;2,76;1.975;5.451
2005-11-29;2,76;2,77;2,69;2,75;16.720;45.980
2005-11-28;2,77;2,78;2,75;2,75;7.100;19.525
2005-11-25;2,70;2,80;2,70;2,80;3.987;11.164
2005-11-24;2,77;2,79;2,71;2,79;2.175;6.068
2005-11-23;2,75;2,76;2,75;2,76;2.500;6.900
2005-11-22;2,74;2,74;2,69;2,72;4.010;10.907
2005-11-21;2,71;2,75;2,69;2,75;7.550;20.763
2005-11-18;2,77;2,80;2,77;2,80;4.160;11.648
2005-11-17;2,72;2,78;2,71;2,80;3.280;9.184
2005-11-16;2,79;2,79;2,72;2,79;1.946;5.429
2005-11-15;2,83;2,83;2,73;2,80;13.469;37.713
2005-11-14;2,78;2,84;2,78;2,83;15.800;44.714
2005-11-11;2,77;2,85;2,77;2,85;16.110;45.914
2005-11-10;2,70;2,78;2,68;2,75;22.605;62.164
2005-11-09;2,71;2,72;2,70;2,72;21.380;58.154
2005-11-08;2,68;2,72;2,68;2,70;6.630;17.901
2005-11-07;2,70;2,72;2,67;2,71;7.100;19.241
2005-11-04;2,69;2,71;2,68;2,71;17.931;48.593
2005-11-03;2,68;2,71;2,67;2,70;19.320;52.164
2005-11-02;2,70;2,71;2,70;2,71;4.840;13.116
2005-11-01;2,69;2,70;2,67;2,70;9.910;26.757
2005-10-31;2,67;2,69;2,62;2,69;10.400;27.976
2005-10-28;2,69;2,70;2,67;2,69;0;0
2005-10-27;2,71;2,71;2,63;2,68;0;0
2005-10-26;2,66;2,71;2,66;2,71;0;0
2005-10-25;2,67;2,70;2,67;2,70;0;0
2005-10-24;2,63;2,69;2,63;2,63;0;0
2005-10-21;2,69;2,69;2,67;2,69;0;0
2005-10-20;2,70;2,70;2,65;2,68;0;0
2005-10-19;2,73;2,73;2,65;2,70;0;0
2005-10-18;2,78;2,78;2,65;2,69;0;0
2005-10-17;2,68;2,71;2,67;2,70;0;0
2005-10-14;2,64;2,68;2,64;2,68;0;0
2005-10-13;2,66;2,68;2,64;2,68;0;0
2005-10-12;2,67;2,68;2,64;2,68;0;0
2005-10-11;2,69;2,69;2,64;2,68;0;0
2005-10-10;2,68;2,69;2,67;2,67;0;0
2005-10-07;2,68;2,69;2,62;2,68;0;0
2005-10-06;2,65;2,70;2,61;2,69;0;0
2005-10-05;2,70;2,70;2,68;2,70;0;0
2005-10-04;2,66;2,70;2,63;2,70;0;0
2005-10-03;2,73;2,73;2,63;2,65;0;0
2005-09-30;2,70;2,72;2,65;2,72;0;0
2005-09-29;2,70;2,73;2,64;2,71;0;0
2005-09-28;2,74;2,74;2,67;2,73;0;0
2005-09-27;2,75;2,79;2,65;2,75;0;0
2005-09-26;2,84;2,85;2,79;2,79;0;0
2005-09-23;2,84;2,84;2,72;2,83;0;0
2005-09-22;2,84;2,84;2,83;2,84;0;0
2005-09-21;2,76;2,85;2,76;2,82;0;0
2005-09-20;2,83;2,85;2,83;2,85;0;0
2005-09-19;2,81;2,85;2,76;2,85;0;0
2005-09-16;2,86;2,87;2,81;2,85;0;0
2005-09-15;2,87;2,87;2,80;2,86;0;0
2005-09-14;2,89;2,90;2,80;2,89;0;0
2005-09-13;2,70;2,87;2,70;2,87;0;0
2005-09-12;2,65;2,79;2,64;2,72;0;0
2005-09-09;2,70;2,70;2,70;2,70;0;0
2005-09-08;2,68;2,75;2,66;2,74;0;0
2005-09-07;2,75;2,75;2,70;2,75;0;0
2005-09-06;2,75;2,76;2,70;2,76;0;0
2005-09-05;2,75;2,78;2,72;2,77;0;0
2005-09-02;2,75;2,82;2,70;2,79;0;0
2005-09-01;2,81;2,86;2,76;2,81;0;0
2005-08-31;2,75;2,76;2,64;2,73;0;0
2005-08-30;2,71;2,77;2,65;2,76;0;0
2005-08-29;2,70;2,78;2,70;2,78;0;0
2005-08-26;2,78;2,87;2,69;2,79;0;0
2005-08-25;2,80;2,89;2,78;2,89;0;0
2005-08-24;2,89;2,93;2,87;2,89;0;0
2005-08-23;2,80;2,90;2,80;2,89;0;0
2005-08-22;2,72;2,90;2,70;2,77;0;0
2005-08-19;2,64;2,71;2,60;2,71;0;0
2005-08-18;2,72;2,72;2,65;2,70;0;0
2005-08-17;2,70;2,75;2,66;2,72;0;0
2005-08-16;2,77;2,77;2,71;2,77;0;0
2005-08-15;2,75;2,79;2,75;2,77;0;0
2005-08-12;2,70;2,80;2,61;2,78;0;0
2005-08-11;2,80;2,86;2,71;2,86;0;0
2005-08-10;2,78;2,83;2,78;2,83;0;0
2005-08-09;2,84;2,85;2,71;2,78;0;0
2005-08-08;2,82;2,86;2,78;2,83;0;0
2005-08-05;2,84;2,89;2,77;2,85;0;0
2005-08-04;2,86;2,89;2,78;2,86;0;0
2005-08-03;2,80;2,97;2,80;2,97;0;0
2005-08-02;2,80;2,83;2,74;2,83;0;0
2005-08-01;2,91;2,91;2,75;2,80;0;0
2005-07-29;2,86;2,94;2,78;2,85;0;0
2005-07-28;2,82;2,82;2,67;2,82;0;0
2005-07-27;2,91;2,96;2,83;2,90;0;0
2005-07-26;3,03;3,03;2,91;2,96;0;0
2005-07-25;2,94;3,04;2,94;3,03;0;0
2005-07-22;2,95;3,05;2,91;2,96;0;0
2005-07-21;3,10;3,10;2,95;3,05;0;0
2005-07-20;3,10;3,14;3,05;3,13;0;0
2005-07-19;3,11;3,14;3,06;3,13;0;0
2005-07-18;2,99;3,16;2,99;3,13;0;0
2005-07-15;2,95;2,99;2,87;2,97;0;0
2005-07-14;2,93;2,98;2,85;2,96;0;0
2005-07-13;2,85;2,97;2,83;2,96;0;0
2005-07-12;2,88;2,94;2,85;2,92;0;0
2005-07-11;2,81;2,95;2,81;2,93;0;0
2005-07-08;2,82;2,94;2,75;2,94;0;0
2005-07-07;2,94;2,94;2,71;2,82;0;0
2005-07-06;2,94;2,95;2,80;2,85;0;0
2005-07-05;2,50;2,90;2,50;2,90;0;0
2005-07-04;2,64;2,64;2,50;2,63;0;0
2005-07-01; ; ; ;2,65;0;0
2005-06-30; ; ; ;2,60;0;0
2005-06-29;2,65;2,67;2,55;2,57;0;0
2005-06-28;2,64;2,67;2,55;2,67;0;0
2005-06-27;2,65;2,67;2,46;2,64;0;0
2005-06-24;2,81;2,81;2,61;2,61;0;0
2005-06-23;2,83;2,83;2,78;2,82;0;0
2005-06-22;2,80;2,82;2,78;2,82;0;0
2005-06-21;2,83;2,83;2,80;2,82;0;0
2005-06-20;2,75;2,82;2,75;2,82;0;0
2005-06-17;2,68;2,74;2,68;2,71;0;0
2005-06-16;2,70;2,72;2,67;2,68;0;0
2005-06-15;2,70;2,72;2,66;2,70;0;0
2005-06-14;2,69;2,72;2,59;2,59;0;0
2005-06-13;2,68;2,69;2,67;2,69;0;0
2005-06-10;2,65;2,68;2,62;2,68;0;0
2005-06-09;2,70;2,73;2,64;2,65;0;0
2005-06-08;2,68;2,75;2,63;2,63;0;0
2005-06-07;2,39;2,64;2,39;2,64;0;0
2005-06-06;2,28;2,48;2,25;2,44;0;0
2005-06-03;2,32;2,32;2,24;2,25;0;0
2005-06-02;2,36;2,37;2,29;2,29;0;0
2005-06-01;2,38;2,40;2,31;2,35;0;0
2005-05-31;2,29;2,38;2,15;2,38;0;0
2005-05-30;2,34;2,36;2,27;2,32;0;0
2005-05-27;2,20;2,36;2,17;2,36;0;0
2005-05-26;2,25;2,25;2,23;2,24;0;0
2005-05-25;2,25;2,25;2,20;2,24;0;0
2005-05-24;2,24;2,24;2,20;2,23;0;0
2005-05-23;2,25;2,25;2,15;2,23;0;0
2005-05-20;2,20;2,27;2,18;2,23;0;0
2005-05-19;2,24;2,25;2,23;2,25;0;0
2005-05-18;2,27;2,27;2,21;2,25;0;0
2005-05-17;2,13;2,25;2,13;2,25;0;0
2005-05-16;2,18;2,18;2,12;2,13;0;0
2005-05-13;2,17;2,22;2,13;2,18;0;0
2005-05-12;2,26;2,26;2,20;2,20;0;0
2005-05-11; ; ; ;2,24;0;0
2005-05-10;2,25;2,28;2,18;2,25;0;0
2005-05-09;2,22;2,33;2,20;2,27;0;0
2005-05-06;2,32;2,32;2,13;2,20;0;0
2005-05-05;2,22;2,33;2,22;2,33;0;0
2005-05-04;2,32;2,32;2,16;2,20;0;0
2005-05-03;2,23;2,30;2,16;2,28;0;0
2005-05-02;2,14;2,27;2,14;2,22;0;0
2005-04-29;2,16;2,20;2,06;2,11;0;0
2005-04-28;2,21;2,31;2,18;2,27;0;0
2005-04-27;2,41;2,44;2,23;2,33;0;0
2005-04-26;2,58;2,64;2,52;2,52;0;0
2005-04-25;2,75;2,75;2,61;2,65;0;0
2005-04-22; ; ; ;2,72;0;0
2005-04-21;2,70;2,70;2,60;2,69;0;0
2005-04-20;2,71;2,77;2,62;2,68;0;0
2005-04-19;2,75;2,77;2,62;2,65;0;0
2005-04-18;2,73;2,73;2,57;2,65;0;0
2005-04-15;2,71;2,84;2,63;2,70;0;0
2005-04-14;2,65;2,67;2,62;2,62;0;0
2005-04-13;2,64;2,73;2,62;2,66;0;0
2005-04-12;2,70;2,73;2,70;2,70;0;0
2005-04-11;2,77;2,77;2,67;2,73;0;0
2005-04-08;2,75;2,85;2,64;2,70;0;0
2005-04-07;2,68;2,78;2,68;2,75;0;0
2005-04-06;2,51;2,74;2,51;2,68;0;0
2005-04-05;2,47;2,55;2,45;2,50;0;0
2005-04-04;2,55;2,62;2,46;2,54;0;0
2005-04-01;2,69;2,69;2,55;2,62;0;0
2005-03-31; ; ; ;2,63;0;0
2005-03-30;2,80;2,81;2,71;2,78;0;0
2005-03-29;2,82;2,82;2,75;2,82;0;0
2005-03-28; ; ; ;2,80;0;0
2005-03-25; ; ; ;2,80;0;0
2005-03-24; ; ; ;2,80;0;0
2005-03-23;2,76;2,80;2,63;2,75;0;0
2005-03-22;2,80;2,93;2,75;2,76;0;0
2005-03-21;2,97;2,97;2,80;2,90;0;0
2005-03-18;3,03;3,04;2,91;2,91;0;0
2005-03-17;2,89;3,00;2,89;2,95;0;0
2005-03-16;2,92;2,93;2,83;2,85;0;0
2005-03-15;2,95;3,00;2,76;2,90;0;0
2005-03-14;3,14;3,14;2,96;3,02;0;0
2005-03-11; ; ; ;3,12;0;0
2005-03-10;3,15;3,24;3,10;3,24;0;0
2005-03-09;3,17;3,17;2,95;3,10;0;0
2005-03-08;3,03;3,23;2,90;3,18;0;0
2005-03-07;2,67;3,00;2,60;2,98;0;0
2005-03-04;2,62;2,68;2,55;2,64;0;0
2005-03-03;2,74;2,74;2,51;2,60;0;0
2005-03-02;2,60;2,80;2,60;2,68;0;0
2005-03-01;2,47;2,60;2,35;2,58;0;0
2005-02-28;2,29;2,44;2,29;2,43;0;0
2005-02-25;2,37;2,37;2,30;2,34;0;0
2005-02-24;2,16;2,40;2,16;2,35;0;0
2005-02-23;2,15;2,20;2,09;2,19;0;0
2005-02-22;2,14;2,18;2,10;2,14;0;0
2005-02-21;2,11;2,15;2,11;2,15;0;0
2005-02-18;2,18;2,18;2,10;2,15;0;0
2005-02-17;2,15;2,15;2,10;2,12;0;0
2005-02-16;2,15;2,23;2,08;2,10;0;0
2005-02-15;2,00;2,15;2,00;2,10;0;0
2005-02-14;1,96;2,00;1,90;1,98;0;0
2005-02-11;1,94;1,98;1,89;1,98;0;0
2005-02-10;1,98;1,98;1,90;1,93;0;0
2005-02-09;1,95;1,95;1,91;1,98;0;0
2005-02-08;1,96;1,98;1,93;1,93;0;0
2005-02-07;1,96;2,03;1,93;1,95;0;0
2005-02-04;1,95;1,95;1,91;1,95;0;0
2005-02-03;1,90;1,95;1,90;1,95;0;0
2005-02-02;1,90;1,90;1,90;1,88;0;0
2005-01-28; ; ; ;1,98;0;0
2005-01-27;1,92;1,95;1,83;1,95;0;0
2005-01-26;1,95;1,99;1,95;1,95;0;0
2005-01-25;1,95;1,95;1,95;1,95;0;0
2005-01-24;1,94;1,94;1,92;1,94;0;0
2005-01-21;1,90;1,90;1,90;1,90;0;0
2005-01-20;1,90;1,90;1,90;1,90;0;0
2005-01-19;1,93;1,93;1,93;1,95;0;0
2005-01-18;1,95;1,95;1,90;1,90;0;0
2005-01-17;1,95;1,95;1,95;1,95;0;0
2005-01-14;1,90;1,95;1,90;1,95;0;0
2005-01-13;1,90;1,90;1,90;1,90;0;0
2005-01-12;1,95;1,95;1,95;1,95;0;0
2005-01-11;1,92;1,92;1,92;1,92;0;0
2005-01-10;1,90;1,95;1,90;1,95;0;0
2005-01-07;1,95;1,95;1,95;1,95;0;0
2005-01-06;1,95;1,95;1,95;1,95;0;0
2005-01-05;1,85;1,95;1,85;1,95;0;0
2005-01-04;1,93;1,93;1,93;1,93;0;0
2005-01-03;1,96;1,98;1,95;1,95;0;0
2004-12-29; ; ; ;1,96;0;0
2004-12-28;1,95;2,03;1,95;2,03;0;0
2004-12-27;2,06;2,06;2,06;2,06;0;0
2004-12-24; ; ; ;2,00;0;0
2004-12-23; ; ; ;2,00;0;0
2004-12-22;1,91;2,00;1,91;2,00;0;0
2004-12-17; ; ; ;2,00;0;0
2004-12-16;2,05;2,05;1,91;2,00;0;0
2004-12-15;2,01;2,05;1,95;2,05;0;0
2004-12-14;1,92;2,02;1,92;2,03;0;0
2004-12-13;1,99;1,99;1,99;1,99;0;0
2004-12-10;1,97;1,99;1,94;1,94;0;0
2004-12-09;1,99;1,99;1,99;1,99;0;0
2004-12-08;1,97;1,97;1,97;1,97;0;0
2004-12-07;2,00;2,00;2,00;2,00;0;0
2004-12-06;2,00;2,00;2,00;2,00;0;0
2004-12-03;1,94;2,00;1,94;2,00;0;0
2004-12-02;2,05;2,05;1,98;1,99;0;0
2004-12-01;1,91;2,01;1,91;2,01;0;0
2004-11-30; ; ; ;1,91;0;0
2004-11-26; ; ; ;2,01;0;0
2004-11-25; ; ; ;2,03;0;0
2004-11-24; ; ; ;2,05;0;0
2004-11-23; ; ; ;2,05;0;0
2004-11-22; ; ; ;2,15;0;0
2004-11-19; ; ; ;2,10;0;0
2004-11-18; ; ; ;2,00;0;0
2004-11-17; ; ; ;1,97;0;0
2004-11-16; ; ; ;2,03;0;0
2004-11-15; ; ; ;1,95;0;0
2004-11-12; ; ; ;1,95;0;0
2004-11-11; ; ; ;1,95;0;0
2004-11-10; ; ; ;2,03;0;0
2004-11-09; ; ; ;2,10;0;0
2004-11-08; ; ; ;2,05;0;0
2004-11-05; ; ; ;2,00;0;0
2004-11-04; ; ; ;1,97;0;0
2004-11-02; ; ; ;2,10;0;0
2004-11-01; ; ; ;2,10;0;0
2004-10-29; ; ; ;2,10;0;0
2004-10-28; ; ; ;1,94;0;0
2004-10-27; ; ; ;1,95;0;0
2004-10-26; ; ; ;1,99;0;0
2004-10-25; ; ; ;1,99;0;0
2004-10-22; ; ; ;1,89091;0;0
2004-10-21; ; ; ;1,89091;0;0
2004-10-20; ; ; ;1,89091;0;0
2004-10-19; ; ; ;1,90;0;0
2004-10-18; ; ; ;1,96364;0;0
2004-10-15; ; ; ;1,90909;0;0
2004-10-14; ; ; ;1,90909;0;0
2004-10-13; ; ; ;2,07273;0;0
2004-10-12; ; ; ;2,08182;0;0
2004-10-11; ; ; ;2,10;0;0
2004-10-08; ; ; ;2,11818;0;0
2004-10-07; ; ; ;2,09091;0;0
2004-10-06; ; ; ;2,11818;0;0
2004-10-05; ; ; ;2,07273;0;0
2004-10-04; ; ; ;2,34545;0;0
2004-10-01; ; ; ;2,03636;0;0
2004-09-30; ; ; ;1,90909;0;0
2004-09-29; ; ; ;1,88182;0;0
2004-09-28; ; ; ;1,90;0;0
2004-09-27; ; ; ;1,88182;0;0
2004-09-24; ; ; ;1,84545;0;0
2004-09-23; ; ; ;1,89091;0;0
2004-09-22; ; ; ;1,87273;0;0
2004-09-21; ; ; ;1,89091;0;0
2004-09-20; ; ; ;1,90;0;0
2004-09-17; ; ; ;1,90;0;0
2004-09-16;1,90;1,90;1,83636;1,86364;0;0
2004-09-15; ; ; ;1,89091;0;0
2004-09-14;1,81818;1,88182;1,81818;1,88182;0;0
2004-09-13; ; ; ;1,90;0;0
2004-09-10;1,90909;1,90909;1,90909;1,90909;0;0
2004-09-09;1,90;1,90;1,90;1,90;0;0
2004-09-08; ; ; ;1,90909;0;0
2004-09-07; ; ; ;1,86364;0;0
2004-09-06; ; ; ;1,81818;0;0
2004-09-03;1,90909;1,90909;1,86364;1,86364;0;0
2004-09-02; ; ; ;1,90;0;0
2004-09-01; ; ; ;1,87273;0;0
2004-08-31; ; ; ;1,81818;0;0
2004-08-30; ; ; ;1,95455;0;0
2004-08-27;1,81818;1,81818;1,81818;1,81818;0;0
2004-08-26;1,81818;1,82727;1,81818;1,82727;0;0
2004-08-25; ; ; ;1,92727;0;0
2004-08-24; ; ; ;1,96364;0;0
2004-08-23; ; ; ;1,82727;0;0
2004-08-20;1,70909;1,92727;1,59091;1,92727;0;0
2004-08-19; ; ; ;1,75455;0;0
2004-08-17; ; ; ;1,76364;0;0
2004-08-16; ; ; ;1,77273;0;0
2004-08-13;1,74545;1,79091;1,66364;1,77273;0;0
2004-08-12;1,84545;1,88182;1,74545;1,76364;0;0
2004-08-11;1,98182;2,00;1,83636;1,91818;0;0
2004-08-10;2,00909;2,00909;2,00909;2,00909;0;0
2004-08-09; ; ; ;2,03636;0;0
2004-08-05;1,92727;2,02727;1,92727;2,02727;0;0
2004-08-04;1,93636;2,03636;1,93636;2,02727;0;0
2004-08-03;2,00;2,01818;2,00;2,01818;0;0
2004-08-02;2,03636;2,03636;2,03636;2,04545;0;0
2004-07-30;2,06364;2,06364;2,05455;2,05455;0;0
2004-07-29; ; ; ;2,06364;0;0
2004-07-28;2,04545;2,04545;2,04545;2,04545;0;0
2004-07-26; ; ; ;2,09091;0;0
2004-07-23;2,08182;2,08182;1,95455;2,04545;0;0
2004-07-22;2,06364;2,06364;2,05455;2,06364;0;0
2004-07-21; ; ; ;2,06364;0;0
2004-07-20; ; ; ;2,00909;0;0
2004-07-19;2,04545;2,04545;1,95455;2,03636;0;0
2004-07-16;2,05455;2,09091;2,00;2,06364;0;0
2004-07-15; ; ; ;2,04545;0;0
2004-07-14;2,04545;2,09091;2,04545;2,09091;0;0
2004-07-13;2,18182;2,18182;2,04545;2,09091;0;0
2004-07-12; ; ; ;2,10;0;0
2004-07-09; ; ; ;2,18182;0;0
2004-07-08;2,20909;2,20909;2,20909;2,20909;0;0
2004-07-07; ; ; ;2,21818;0;0
2004-07-06;2,25455;2,27273;2,25455;2,27273;0;0
2004-07-05; ; ; ;2,25455;0;0
2004-07-02;2,18182;2,23636;2,18182;2,23636;0;0
2004-07-01;2,09091;2,22727;2,03636;2,21818;0;0
2004-06-30;2,12727;2,12727;2,12727;2,12727;0;0
2004-06-29;2,09091;2,09091;2,09091;2,09091;0;0
2004-06-28;2,08182;2,08182;2,08182;2,08182;0;0
2004-06-25; ; ; ;2,08182;0;0
2004-06-24;2,04545;2,08182;2,04545;2,08182;0;0
2004-06-23;2,00;2,07273;2,00;2,08182;0;0
2004-06-22; ; ; ;2,07273;0;0
2004-06-21;2,04545;2,11818;2,04545;2,11818;0;0
2004-06-18;2,00;2,08182;2,00;2,08182;0;0
2004-06-17;2,08182;2,08182;2,08182;2,08182;0;0
2004-06-16;2,00;2,04545;2,00;2,04545;0;0
2004-06-15;1,96364;2,05455;1,96364;2,00;0;0
2004-06-14;2,13636;2,13636;2,00;2,06364;0;0
2004-06-11;2,12727;2,12727;2,12727;2,12727;0;0
2004-06-10;2,00;2,15455;2,00;2,13636;0;0
2004-06-09;2,00;2,03636;2,00;2,04545;0;0
2004-06-08;1,95455;2,00;1,95455;2,00;0;0
2004-06-07;1,97273;1,98182;1,93636;2,00;0;0
2004-06-04;1,97273;1,97273;1,97273;1,97273;0;0
2004-06-03;1,90909;1,97273;1,90909;1,97273;0;0
2004-06-02;1,97273;1,97273;1,97273;1,97273;0;0
2004-06-01;1,89091;1,95455;1,89091;1,95455;0;0
2004-05-31; ; ; ;1,95455;0;0
2004-05-28;1,95455;1,95455;1,95455;1,95455;0;0
2004-05-27; ; ; ;1,95455;0;0
2004-05-26;1,95455;1,95455;1,95455;1,95455;0;0
2004-05-25;1,95455;1,99091;1,95455;1,99091;0;0
2004-05-24;1,95455;2,00;1,91818;1,99091;0;0
2004-05-21;1,90909;1,95455;1,88182;1,95455;0;0
2004-05-20; ; ; ;1,99091;0;0
2004-05-19;1,99091;1,99091;1,95455;1,99091;0;0
2004-05-18;1,99091;1,99091;1,99091;1,99091;0;0
2004-05-17;1,98182;1,98182;1,98182;1,98182;0;0
2004-05-14;1,86364;2,09091;1,81818;2,00909;0;0
2004-05-13;1,83636;1,99091;1,81818;1,99091;0;0
2004-05-12;1,88182;1,96364;1,82727;1,85455;0;0
2004-05-11;1,90909;2,02727;1,90;2,00;0;0
2004-05-10;1,90909;2,02727;1,90909;2,02727;0;0
2004-05-07;2,00;2,00;2,00;2,00;0;0
2004-05-06;2,01818;2,08182;1,90909;2,01818;0;0
2004-05-05;2,00;2,04545;2,00;2,04545;0;0
2004-05-04;2,05455;2,05455;2,04545;2,04545;0;0
2004-05-03;2,09091;2,09091;1,91818;2,07273;0;0
2004-04-30;2,04545;2,04545;1,98182;2,04545;0;0
2004-04-29;2,04545;2,04545;2,04545;2,04545;0;0
2004-04-28;2,08182;2,09091;2,08182;2,09091;0;0
2004-04-27;2,09091;2,09091;2,08182;2,08182;0;0
2004-04-26;2,08182;2,08182;2,08182;2,08182;0;0
2004-04-23;2,07273;2,07273;2,07273;2,08182;0;0
2004-04-22;2,07273;2,07273;2,07273;2,07273;0;0
2004-04-21;2,05455;2,08182;1,97273;2,08182;0;0
2004-04-20;2,07273;2,07273;2,00909;2,00909;0;0
2004-04-19;2,07273;2,08182;2,07273;2,08182;0;0
2004-04-16;2,08182;2,09091;1,98182;2,04545;0;0
2004-04-15;1,99091;2,08182;1,99091;2,08182;0;0
2004-04-14;2,02727;2,09091;2,00909;2,09091;0;0
2004-04-13;2,13636;2,13636;2,13636;2,13636;0;0
2004-04-12; ; ; ;2,09091;0;0
2004-04-09; ; ; ;2,09091;0;0
2004-04-08;2,09091;2,09091;2,09091;2,09091;0;0
2004-04-07;2,09091;2,09091;2,09091;2,09091;0;0
2004-04-06;2,09091;2,09091;2,09091;2,09091;0;0
2004-04-05;2,10;2,10909;2,09091;2,09091;0;0
2004-04-02;2,01818;2,10909;2,01818;2,09091;0;0
2004-04-01; ; ; ;2,12727;0;0
2004-03-31;2,10909;2,10909;2,09091;2,14545;0;0
2004-03-30; ; ; ;2,10;0;0
2004-03-29;2,17273;2,17273;2,00909;2,11818;0;0
2004-03-26;2,03636;2,03636;2,03636;2,03636;0;0
2004-03-25;2,17273;2,17273;2,17273;2,17273;0;0
2004-03-24;2,18182;2,18182;2,09091;2,13636;0;0
2004-03-23;2,10;2,15455;2,10;2,18182;0;0
2004-03-22;2,18182;2,24545;2,11818;2,18182;0;0
2004-03-19;2,17273;2,18182;2,10;2,18182;0;0
2004-03-18;2,20;2,20;2,09091;2,18182;0;0
2004-03-17;2,11818;2,24545;2,11818;2,24545;0;0
2004-03-16;2,13636;2,25455;2,10;2,25455;0;0
2004-03-15;2,09091;2,27273;2,09091;2,27273;0;0
2004-03-12;2,10909;2,17273;2,08182;2,17273;0;0
2004-03-11;2,16364;2,19091;2,08182;2,14545;0;0
2004-03-10;2,18182;2,31818;2,18182;2,31818;0;0
2004-03-09;2,18182;2,25455;2,10;2,10;0;0
2004-03-08;2,17273;2,19091;2,15455;2,19091;0;0
2004-03-05;2,05455;2,18182;2,05455;2,16364;0;0
2004-03-04;2,20;2,20;2,09091;2,20;0;0
2004-03-03;2,20;2,20909;2,10;2,20;0;0
2004-03-02;2,14545;2,21818;2,11818;2,20909;0;0
2004-03-01;2,20;2,23636;2,09091;2,19091;0;0
2004-02-27;2,20909;2,20909;2,16364;2,20;0;0
2004-02-26;2,20;2,20909;2,09091;2,19091;0;0
2004-02-25;2,12727;2,22727;2,10;2,18182;0;0
2004-02-24;2,21818;2,26364;2,20;2,26364;0;0
2004-02-23;2,21818;2,22727;2,09091;2,21818;0;0
2004-02-20;2,20909;2,21818;2,12727;2,21818;0;0
2004-02-19;2,10909;2,21818;2,10909;2,20909;0;0
2004-02-18;2,19091;2,27273;2,18182;2,27273;0;0
2004-02-17;2,22727;2,23636;2,10909;2,20909;0;0
2004-02-16;2,23636;2,25455;2,10;2,22727;0;0
2004-02-13;2,22727;2,26364;2,21818;2,22727;0;0
2004-02-12;2,20909;2,26364;2,10;2,26364;0;0
2004-02-11;2,27273;2,36364;2,17273;2,26364;0;0
2004-02-10;2,27273;2,41818;2,27273;2,41818;0;0
2004-02-09;2,28182;2,36364;2,27273;2,35455;0;0
2004-02-06;2,36364;2,36364;2,27273;2,36364;0;0
2004-02-05;2,28182;2,35455;2,22727;2,35455;0;0
2004-02-04;2,30909;2,36364;2,29091;2,30;0;0
2004-02-03; ; ; ;2,36364;0;0
2004-02-02;2,15455;2,62727;2,09091;2,45455;0;0
2004-01-30;2,09091;2,19091;2,09091;2,19091;0;0
2004-01-29;2,09091;2,20909;2,09091;2,20909;0;0
2004-01-28;2,13636;2,20909;2,09091;2,20909;0;0
2004-01-27;2,14545;2,14545;2,04545;2,17273;0;0
2004-01-26;2,05455;2,11818;2,00;2,11818;0;0
2004-01-23;1,99091;2,03636;1,90909;1,96364;0;0
2004-01-22;2,07273;2,07273;1,82727;1,98182;0;0
2004-01-21;2,21818;2,21818;2,00;2,00;0;0
2004-01-20;2,24545;2,38182;2,11818;2,20909;0;0
2004-01-19;2,00;2,44545;2,00;2,11818;0;0
2004-01-16;1,90909;2,00909;1,90909;2,00909;0;0
2004-01-15;2,00909;2,00909;2,00909;2,00909;0;0
2004-01-14;1,95455;2,00909;1,90909;2,00909;0;0
2004-01-13;1,92727;1,99091;1,92727;1,99091;0;0
2004-01-12;1,91818;1,98182;1,86364;1,90909;0;0
2004-01-09;1,98182;1,98182;1,91818;1,95455;0;0
2004-01-08;1,95455;2,01818;1,95455;1,95455;0;0
2004-01-07;1,99091;2,03636;1,92727;2,00;0;0
2004-01-06;1,98182;2,00;1,95455;2,00;0;0
2004-01-05;1,96364;2,00;1,95455;2,00;0;0
2004-01-02; ; ; ;2,00;0;0
2004-01-01; ; ; ;1,97273;0;0
2003-12-31; ; ; ;1,97273;0;0
2003-12-30;1,97273;1,97273;1,97273;1,97273;0;0
2003-12-29;1,99091;2,03636;1,90909;2,02727;0;0
2003-12-26; ; ; ;1,99091;0;0
2003-12-25; ; ; ;1,99091;0;0
2003-12-24; ; ; ;1,99091;0;0
2003-12-23;1,90;1,98182;1,82727;1,99091;0;0
2003-12-22;1,91818;1,95455;1,89091;1,90909;0;0
2003-12-19;1,97273;1,97273;1,97273;1,97273;0;0
2003-12-18;1,98182;1,99091;1,90909;1,99091;0;0
2003-12-17;2,04545;2,04545;1,81818;1,91818;0;0
2003-12-16;2,09091;2,09091;2,04545;2,09091;0;0
2003-12-15;2,01818;2,13636;2,01818;2,09091;0;0
2003-12-12;2,13636;2,13636;2,00909;2,07273;0;0
2003-12-11;2,13636;2,18182;2,02727;2,15455;0;0
2003-12-10;2,22727;2,26364;2,16364;2,26364;0;0
2003-12-09;2,24545;2,32727;2,22727;2,32727;0;0
2003-12-08;2,22727;2,34545;2,17273;2,25455;0;0
2003-12-05;2,18182;2,18182;2,18182;2,18182;0;0
2003-12-04;2,30;2,36364;2,13636;2,23636;0;0
2003-12-03;2,43636;2,43636;2,39091;2,40909;0;0
2003-12-02;2,36364;2,44545;2,36364;2,44545;0;0
2003-12-01;2,39091;2,39091;2,27273;2,31818;0;0
2003-11-28;2,54545;2,54545;2,13636;2,39091;0;0
2003-11-27;2,26364;2,50;2,14545;2,41818;0;0
2003-11-26;1,87273;2,27273;1,87273;2,14545;0;0
2003-11-25;1,85455;1,89091;1,85455;1,89091;0;0
2003-11-24;1,81818;1,81818;1,77273;1,81818;0;0
2003-11-21;1,89091;1,89091;1,78182;1,85455;0;0
2003-11-20;1,89091;1,89091;1,80909;1,87273;0;0
2003-11-19;1,89091;1,89091;1,89091;1,89091;0;0
2003-11-18;1,81818;1,86364;1,81818;1,89091;0;0
2003-11-17;1,81818;1,81818;1,81818;1,81818;0;0
2003-11-14;1,81818;1,81818;1,81818;1,81818;0;0
2003-11-13;1,85455;1,85455;1,81818;1,81818;0;0
2003-11-12;1,84545;1,84545;1,84545;1,84545;0;0
2003-11-11;1,80;1,87273;1,77273;1,85455;0;0
2003-11-10;1,79091;1,81818;1,78182;1,80;0;0
2003-11-07;1,82727;1,82727;1,72727;1,80909;0;0
2003-11-06;1,77273;1,83636;1,68182;1,83636;0;0
2003-11-05;1,81818;1,81818;1,72727;1,80909;0;0
2003-11-04;1,77273;1,81818;1,70;1,70;0;0
2003-11-03;1,72727;1,77273;1,72727;1,72727;0;0
2003-10-31;1,69091;1,73636;1,69091;1,73636;0;0
2003-10-30;1,75455;1,80;1,68182;1,77273;0;0
2003-10-29;1,63636;1,88182;1,63636;1,73636;0;0
2003-10-28;1,63636;1,73636;1,63636;1,72727;0;0
2003-10-27;1,63636;1,68182;1,63636;1,68182;0;0
2003-10-24;1,70;1,70;1,70;1,70;0;0
2003-10-23;1,65455;1,72727;1,64545;1,64545;0;0
2003-10-22; ; ; ;1,76364;0;0
2003-10-21;1,76364;1,76364;1,76364;1,76364;0;0
2003-10-20;1,67273;1,80909;1,67273;1,80;0;0
2003-10-17;1,80909;1,86364;1,80909;1,86364;0;0
2003-10-16;1,80909;1,80909;1,78182;1,80909;0;0
2003-10-15;1,81818;1,86364;1,81818;1,82727;0;0
2003-10-14;1,78182;1,86364;1,78182;1,86364;0;0
2003-10-13;1,89091;1,89091;1,89091;1,89091;0;0
2003-10-10;1,78182;1,89091;1,78182;1,89091;0;0
2003-10-09;1,81818;1,88182;1,81818;1,86364;0;0
2003-10-08;1,89091;1,89091;1,82727;1,88182;0;0
2003-10-07;1,89091;1,89091;1,89091;1,89091;0;0
2003-10-06;1,89091;1,89091;1,89091;1,89091;0;0
2003-10-03;1,88182;1,89091;1,88182;1,89091;0;0
2003-10-02;1,88182;1,88182;1,88182;1,88182;0;0
2003-10-01;1,90909;1,90909;1,90909;1,90909;0;0
2003-09-30;1,87273;1,87273;1,87273;1,87273;0;0
2003-09-29;1,87273;1,87273;1,87273;1,87273;0;0
2003-09-26;1,88182;1,88182;1,88182;1,88182;0;0
2003-09-25;1,88182;1,88182;1,88182;1,88182;0;0
2003-09-24;1,88182;1,88182;1,88182;1,88182;0;0
2003-09-23;1,79091;1,79091;1,79091;1,79091;0;0
2003-09-22;1,90;1,90;1,79091;1,79091;0;0
2003-09-19;1,99091;1,99091;1,99091;1,99091;0;0
2003-09-18;1,99091;1,99091;1,99091;1,99091;0;0
2003-09-17;1,99091;1,99091;1,99091;1,99091;0;0
2003-09-16;1,99091;1,99091;1,99091;1,99091;0;0
2003-09-15;1,96364;1,96364;1,96364;1,96364;0;0
2003-09-12;1,87273;1,90909;1,87273;1,90909;0;0
2003-09-11;1,89091;1,89091;1,89091;1,89091;0;0
2003-09-10;1,90909;1,90909;1,82727;1,89091;0;0
2003-09-09;1,81818;1,90;1,81818;1,90;0;0
2003-09-08;1,88182;1,88182;1,88182;1,88182;0;0
2003-09-05;1,80909;1,90909;1,80909;1,90909;0;0
2003-09-04;1,90909;1,90909;1,90909;1,90909;0;0
2003-09-03;2,00;2,00;2,00;2,00;0;0
2003-09-02;2,00;2,00;2,00;2,00;0;0
2003-09-01;1,99091;1,99091;1,99091;1,99091;0;0
2003-08-29;1,99091;2,00;1,99091;2,00;0;0
2003-08-28;1,99091;1,99091;1,99091;1,99091;0;0
2003-08-27;1,99091;1,99091;1,99091;1,99091;0;0
2003-08-26;1,99091;1,99091;1,99091;1,99091;0;0
2003-08-25;1,99091;1,99091;1,99091;1,99091;0;0
2003-08-22;1,99091;1,99091;1,87273;1,99091;0;0
2003-08-21;1,95455;1,99091;1,95455;1,99091;0;0
2003-08-20;2,00;2,00;2,00;2,00;0;0
2003-08-19;1,87273;2,00;1,87273;2,00;0;0
2003-08-18;2,02727;2,02727;2,00;2,00;0;0
2003-08-15;2,03636;2,04545;2,03636;2,04545;0;0
2003-08-14;2,05455;2,05455;1,90909;2,03636;0;0
2003-08-13;2,07273;2,07273;1,94545;1,99091;0;0
2003-08-12;2,06364;2,06364;1,90909;2,06364;0;0
2003-08-11;2,06364;2,06364;2,06364;2,06364;0;0
2003-08-08;2,06364;2,06364;1,94545;1,95455;0;0
2003-08-07;2,07273;2,07273;2,07273;2,07273;0;0
2003-08-06;2,04545;2,07273;2,04545;2,07273;0;0
2003-08-05;2,07273;2,07273;2,00;2,05455;0;0
2003-08-04;2,06364;2,06364;2,06364;2,06364;0;0
2003-08-01;2,08182;2,08182;1,96364;2,08182;0;0
2003-07-31;2,07273;2,07273;2,07273;2,07273;0;0
2003-07-30;2,03636;2,03636;2,02727;2,03636;0;0
2003-07-29;2,07273;2,07273;1,95455;2,04545;0;0
2003-07-28;2,07273;2,07273;2,07273;2,07273;0;0
2003-07-25;2,07273;2,07273;2,07273;2,07273;0;0
2003-07-24;2,09091;2,09091;2,09091;2,09091;0;0
2003-07-23;2,07273;2,07273;2,07273;2,07273;0;0
2003-07-22;2,07273;2,07273;2,07273;2,07273;0;0
2003-07-21;2,08182;2,08182;1,95455;2,08182;0;0
2003-07-18;2,00;2,07273;1,96364;1,96364;0;0
2003-07-17;2,00;2,07273;1,96364;1,96364;0;0
2003-07-16;2,07273;2,07273;2,07273;2,07273;0;0
2003-07-15;2,07273;2,07273;2,07273;2,07273;0;0
2003-07-14;2,20;2,20;2,20;2,20;0;0
2003-07-11;2,20;2,20;2,20;2,20;0;0
2003-07-10;2,22727;2,22727;2,10909;2,17273;0;0
2003-07-09;2,22727;2,22727;2,22727;2,22727;0;0
2003-07-08;2,28182;2,30909;2,28182;2,30909;0;0
2003-07-07;2,19091;2,39091;2,19091;2,31818;0;0
2003-07-04;2,35455;2,35455;2,35455;2,35455;0;0
2003-07-03;2,30909;2,35455;2,30909;2,35455;0;0
2003-07-02;2,24545;2,28182;2,24545;2,28182;0;0
2003-07-01;2,24545;2,24545;2,24545;2,24545;0;0
2003-06-30;2,18182;2,26364;2,13636;2,18182;0;0
2003-06-27;2,15455;2,25455;2,10909;2,25455;0;0
2003-06-26;2,14545;2,14545;2,14545;2,14545;0;0
2003-06-25;2,14545;2,14545;2,14545;2,14545;0;0
2003-06-24;2,14545;2,14545;2,14545;2,14545;0;0
2003-06-23;2,03636;2,13636;1,95455;2,13636;0;0
2003-06-20;2,04545;2,04545;2,04545;2,04545;0;0
2003-06-19;2,00;2,03636;2,00;2,02727;0;0
2003-06-18;1,90909;2,00;1,90909;2,00;0;0
2003-06-17;2,07273;2,07273;2,07273;2,07273;0;0
2003-06-16;1,99091;2,08182;1,99091;2,08182;0;0
2003-06-13;2,11818;2,11818;2,11818;2,11818;0;0
2003-06-12;2,15455;2,15455;2,15455;2,15455;0;0
2003-06-11;2,18182;2,18182;2,18182;2,18182;0;0
2003-06-10;2,14545;2,18182;2,14545;2,18182;0;0
2003-06-09;2,16364;2,16364;2,16364;2,16364;0;0
2003-06-06;2,16364;2,16364;2,16364;2,16364;0;0
2003-06-05;2,16364;2,16364;2,16364;2,16364;0;0
2003-06-04;2,13636;2,16364;2,13636;2,16364;0;0
2003-06-03;2,14545;2,14545;2,13636;2,13636;0;0
2003-06-02;2,00;2,12727;2,00;2,12727;0;0
2003-05-30;2,00;2,10;2,00;2,10;0;0
2003-05-29;2,17273;2,17273;2,17273;2,17273;0;0
2003-05-28;2,17273;2,17273;2,17273;2,17273;0;0
2003-05-27;2,09091;2,17273;2,09091;2,17273;0;0
2003-05-26;2,16364;2,16364;2,16364;2,16364;0;0
2003-05-23;2,26364;2,26364;2,26364;2,26364;0;0
2003-05-22;1,94545;2,43636;1,90909;2,09091;0;0
2003-05-21;1,89091;1,89091;1,89091;1,89091;0;0
2003-05-20;1,89091;1,89091;1,89091;1,89091;0;0
2003-05-19;1,89091;1,89091;1,79091;1,89091;0;0
2003-05-16;1,90909;1,90909;1,90909;1,90909;0;0
2003-05-15;1,90909;1,90909;1,90909;1,90909;0;0
2003-05-14;1,90909;1,90909;1,90909;1,90909;0;0
2003-05-13;1,90909;1,90909;1,90909;1,90909;0;0
2003-05-12;1,90909;1,90909;1,90909;1,90909;0;0
2003-05-09;1,81818;1,89091;1,81818;1,89091;0;0
2003-05-08;1,86364;1,90909;1,83636;1,90909;0;0
2003-05-07;1,88182;1,88182;1,88182;1,88182;0;0
2003-05-06;1,85455;1,85455;1,85455;1,85455;0;0
2003-05-05;1,85455;1,85455;1,85455;1,85455;0;0
2003-05-02;1,70;1,86364;1,70;1,86364;0;0
2003-05-01; ; ; ;1,81818;0;0
2003-04-30;1,81818;1,81818;1,81818;1,81818;0;0
2003-04-29;1,77273;1,81818;1,77273;1,81818;0;0
2003-04-28;1,81818;1,81818;1,81818;1,81818;0;0
2003-04-25;1,81818;1,81818;1,81818;1,81818;0;0
2003-04-24;1,74545;1,81818;1,74545;1,81818;0;0
2003-04-23;1,81818;1,81818;1,81818;1,81818;0;0
2003-04-22;1,81818;1,81818;1,80;1,81818;0;0
2003-04-21; ; ; ;1,81818;0;0
2003-04-18; ; ; ;1,81818;0;0
2003-04-17;1,81818;1,81818;1,81818;1,81818;0;0
2003-04-16;1,70909;1,81818;1,70909;1,81818;0;0
2003-04-15;1,72727;1,72727;1,68182;1,72727;0;0
2003-04-14;1,71818;1,72727;1,71818;1,72727;0;0
2003-04-11;1,71818;1,71818;1,71818;1,71818;0;0
2003-04-10;1,71818;1,71818;1,71818;1,71818;0;0
2003-04-09;1,68182;1,68182;1,68182;1,68182;0;0
2003-04-08;1,78182;1,78182;1,78182;1,78182;0;0
2003-04-07;1,72727;1,82727;1,70;1,76364;0;0
2003-04-04;1,70909;1,70909;1,70909;1,70909;0;0
2003-04-03;1,70909;1,86364;1,70;1,74545;0;0
2003-04-02;1,63636;1,63636;1,63636;1,63636;0;0
2003-04-01;1,63636;1,63636;1,63636;1,63636;0;0
2003-03-31;1,72727;1,72727;1,62727;1,70909;0;0
2003-03-28;1,72727;1,72727;1,72727;1,72727;0;0
2003-03-27;1,63636;1,63636;1,63636;1,63636;0;0
2003-03-26;1,61818;1,71818;1,61818;1,71818;0;0
2003-03-25;1,73636;1,73636;1,73636;1,73636;0;0
2003-03-24;1,69091;1,72727;1,69091;1,72727;0;0
2003-03-21;1,68182;1,68182;1,68182;1,68182;0;0
2003-03-20;1,70;1,70;1,70;1,70;0;0
2003-03-19;1,63636;1,63636;1,63636;1,63636;0;0
2003-03-18;1,61818;1,71818;1,61818;1,71818;0;0
2003-03-17;1,63636;1,73636;1,63636;1,73636;0;0
2003-03-14;1,56364;1,71818;1,56364;1,71818;0;0
2003-03-13;1,68182;1,68182;1,68182;1,68182;0;0
2003-03-12;1,56364;1,68182;1,56364;1,68182;0;0
2003-03-11;1,68182;1,68182;1,68182;1,68182;0;0
2003-03-10;1,82727;1,82727;1,82727;1,82727;0;0
2003-03-07;1,82727;1,82727;1,82727;1,82727;0;0
2003-03-06;1,81818;1,82727;1,81818;1,82727;0;0
2003-03-05;1,82727;1,82727;1,82727;1,82727;0;0
2003-03-04;1,90909;1,90909;1,68182;1,82727;0;0
2003-03-03;1,90909;1,93636;1,90909;1,93636;0;0
2003-02-28;1,85455;1,90909;1,82727;1,86364;0;0
2003-02-27;1,78182;1,87273;1,78182;1,87273;0;0
2003-02-26;1,86364;1,90;1,86364;1,90;0;0
2003-02-25;1,90909;1,90909;1,86364;1,90909;0;0
2003-02-24;1,87273;1,91818;1,87273;1,91818;0;0
2003-02-21;2,00;2,00;2,00;2,00;0;0
2003-02-20;2,04545;2,04545;1,92727;2,00;0;0
2003-02-19;2,04545;2,04545;2,04545;2,04545;0;0
2003-02-18;2,04545;2,04545;2,04545;2,04545;0;0
2003-02-17;2,04545;2,04545;2,04545;2,04545;0;0
2003-02-14;2,04545;2,04545;2,04545;2,04545;0;0
2003-02-13;2,01818;2,09091;2,00;2,04545;0;0
2003-02-12;2,05455;2,05455;2,04545;2,04545;0;0
2003-02-11;2,05455;2,05455;2,05455;2,05455;0;0
2003-02-10;1,91818;2,00;1,91818;2,00;0;0
2003-02-07;1,90909;1,90909;1,90909;1,90909;0;0
2003-02-06;1,90909;1,90909;1,90909;1,90909;0;0
2003-02-05;1,89091;1,90909;1,89091;1,90909;0;0
2003-02-04; ; ; ;2,00;0;0
2003-02-03;1,94545;2,08182;1,94545;2,00;0;0
2003-01-31;2,07273;2,07273;2,07273;2,07273;0;0
2003-01-30;2,08182;2,08182;2,08182;2,08182;0;0
2003-01-29;2,01818;2,10909;2,01818;2,10909;0;0
2003-01-28;2,00;2,01818;2,00;2,01818;0;0
2003-01-27;2,16364;2,16364;2,01818;2,01818;0;0
2003-01-24; ; ; ;2,26364;0;0
2003-01-23;2,12727;2,26364;1,96364;2,26364;0;0
2003-01-22;2,27273;2,27273;2,25455;2,27273;0;0
2003-01-21;2,40;2,40;2,27273;2,27273;0;0
2003-01-20;2,00;2,45455;2,00;2,40909;0;0
2003-01-17;1,95455;2,09091;1,92727;2,09091;0;0
2003-01-16;1,95455;1,95455;1,92727;1,95455;0;0
2003-01-15;1,97273;1,97273;1,97273;1,97273;0;0
2003-01-14;1,97273;1,97273;1,95455;1,97273;0;0
2003-01-13;1,86364;2,09091;1,86364;1,97273;0;0
2003-01-10;1,90;1,90;1,90;1,90;0;0
2003-01-09;1,86364;1,86364;1,86364;1,86364;0;0
2003-01-08;1,86364;1,86364;1,86364;1,86364;0;0
2003-01-07;1,91818;1,91818;1,90909;1,90909;0;0
2003-01-06;1,90909;1,90909;1,90909;1,90909;0;0
2003-01-03;1,89091;1,91818;1,89091;1,91818;0;0
2003-01-02;1,90;1,98182;1,90;1,95455;0;0
2003-01-01; ; ; ;1,86364;0;0
2002-12-31; ; ; ;1,86364;0;0
2002-12-30;1,86364;1,86364;1,74545;1,86364;0;0
2002-12-27;1,87273;1,87273;1,87273;1,87273;0;0
2002-12-26; ; ; ;1,86364;0;0
2002-12-25; ; ; ;1,86364;0;0
2002-12-24; ; ; ;1,86364;0;0
2002-12-23;1,86364;1,86364;1,84545;1,86364;0;0
2002-12-20;1,71818;1,86364;1,71818;1,86364;0;0
2002-12-19;1,81818;1,83636;1,71818;1,83636;0;0
2002-12-18;1,74545;1,84545;1,74545;1,84545;0;0
2002-12-17;1,81818;2,00;1,81818;1,86364;0;0
2002-12-16;1,73636;2,00;1,73636;2,00;0;0
2002-12-13;1,72727;1,72727;1,72727;1,72727;0;0
2002-12-12;1,74545;1,75455;1,72727;1,75455;0;0
2002-12-11;1,74545;1,74545;1,71818;1,74545;0;0
2002-12-10;1,70;1,77273;1,65455;1,74545;0;0
2002-12-09;1,63636;1,68182;1,63636;1,68182;0;0
2002-12-06;1,64545;1,64545;1,64545;1,64545;0;0
2002-12-05;1,63636;1,66364;1,63636;1,64545;0;0
2002-12-04;1,63636;1,68182;1,61818;1,68182;0;0
2002-12-03;1,61818;1,64545;1,61818;1,64545;0;0
2002-12-02;1,67273;1,68182;1,67273;1,68182;0;0
2002-11-29;1,56364;1,68182;1,56364;1,68182;0;0
2002-11-28;1,53636;1,60;1,53636;1,60;0;0
2002-11-27;1,48182;1,52727;1,48182;1,52727;0;0
2002-11-26;1,65455;1,65455;1,65455;1,65455;0;0
2002-11-25;1,65455;1,65455;1,65455;1,65455;0;0
2002-11-22;1,65455;1,65455;1,65455;1,65455;0;0
2002-11-21;1,66364;1,66364;1,66364;1,66364;0;0
2002-11-20;1,66364;1,66364;1,66364;1,66364;0;0
2002-11-19;1,55455;1,66364;1,55455;1,66364;0;0
2002-11-18;1,61818;1,67273;1,61818;1,67273;0;0
2002-11-15;1,60909;1,60909;1,60909;1,60909;0;0
2002-11-14;1,54545;1,60909;1,54545;1,60909;0;0
2002-11-13;1,63636;1,63636;1,63636;1,63636;0;0
2002-11-12;1,45455;1,63636;1,40;1,63636;0;0
2002-11-11;1,54545;1,54545;1,54545;1,54545;0;0
2002-11-08;1,45455;1,45455;1,45455;1,45455;0;0
2002-11-07;1,58182;1,58182;1,58182;1,58182;0;0
2002-11-06;1,50;1,58182;1,50;1,58182;0;0
2002-11-05;1,54545;1,54545;1,54545;1,54545;0;0
2002-11-04;1,54545;1,54545;1,54545;1,54545;0;0
2002-11-01;1,54545;1,54545;1,41818;1,54545;0;0
2002-10-31;1,54545;1,54545;1,54545;1,54545;0;0
2002-10-30;1,54545;1,54545;1,54545;1,54545;0;0
2002-10-29;1,50;1,54545;1,50;1,54545;0;0
2002-10-28;1,54545;1,54545;1,54545;1,54545;0;0
2002-10-25;1,51818;1,51818;1,51818;1,51818;0;0
2002-10-24;1,45455;1,51818;1,45455;1,51818;0;0
2002-10-23;1,50;1,51818;1,50;1,51818;0;0
2002-10-22;1,54545;1,60909;1,52727;1,52727;0;0
2002-10-21;1,54545;1,55455;1,54545;1,55455;0;0
2002-10-18;1,57273;1,57273;1,57273;1,57273;0;0
2002-10-17;1,57273;1,57273;1,57273;1,57273;0;0
2002-10-16;1,48182;1,56364;1,48182;1,56364;0;0
2002-10-15;1,60909;1,60909;1,60909;1,60909;0;0
2002-10-14;1,62727;1,62727;1,62727;1,62727;0;0
2002-10-11;1,50909;1,57273;1,50909;1,57273;0;0
2002-10-10;1,63636;1,63636;1,63636;1,63636;0;0
2002-10-09;1,63636;1,63636;1,63636;1,63636;0;0
2002-10-08;1,63636;1,63636;1,63636;1,63636;0;0
2002-10-07;1,67273;1,67273;1,55455;1,63636;0;0
2002-10-04;1,68182;1,68182;1,68182;1,68182;0;0
2002-10-03;1,56364;1,56364;1,56364;1,67273;0;0
2002-10-02;1,67273;1,67273;1,67273;1,67273;0;0
2002-10-01;1,65455;1,67273;1,65455;1,67273;0;0
2002-09-30;1,71818;1,71818;1,59091;1,68182;0;0
2002-09-27;1,72727;1,72727;1,72727;1,72727;0;0
2002-09-26;1,66364;1,72727;1,66364;1,72727;0;0
2002-09-25;1,62727;1,81818;1,62727;1,81818;0;0
2002-09-24;1,63636;1,63636;1,52727;1,52727;0;0
2002-09-23;1,77273;1,77273;1,65455;1,65455;0;0
2002-09-20;1,80909;1,80909;1,80909;1,80909;0;0
2002-09-19;1,81818;1,81818;1,69091;1,80909;0;0
2002-09-18;1,82727;1,83636;1,81818;1,83636;0;0
2002-09-17;1,84545;1,84545;1,84545;1,84545;0;0
2002-09-16;1,84545;1,84545;1,84545;1,84545;0;0
2002-09-13;1,86364;1,86364;1,83636;1,84545;0;0
2002-09-12;1,88182;1,90909;1,77273;1,89091;0;0
2002-09-11;1,84545;1,84545;1,83636;1,84545;0;0
2002-09-10;1,86364;1,90909;1,79091;1,85455;0;0
2002-09-09;1,86364;1,86364;1,86364;1,86364;0;0
2002-09-06;1,81818;1,81818;1,81818;1,81818;0;0
2002-09-05;1,83636;1,84545;1,83636;1,84545;0;0
2002-09-04;1,83636;1,83636;1,83636;1,83636;0;0
2002-09-03;1,82727;1,82727;1,82727;1,82727;0;0
2002-09-02;1,80;1,81818;1,80;1,81818;0;0
2002-08-30;1,81818;1,84545;1,81818;1,84545;0;0
2002-08-29;1,81818;1,81818;1,81818;1,81818;0;0
2002-08-28;1,80;1,81818;1,80;1,81818;0;0
2002-08-27;1,80;1,81818;1,80;1,81818;0;0
2002-08-26;1,78182;1,79091;1,78182;1,79091;0;0
2002-08-23;1,81818;1,81818;1,72727;1,75455;0;0
2002-08-22;1,81818;1,81818;1,80;1,80;0;0
2002-08-21;1,80;1,80;1,80;1,80;0;0
2002-08-20;1,80;1,80;1,80;1,80;0;0
2002-08-19;1,80;1,81818;1,80;1,81818;0;0
2002-08-16;1,77273;1,77273;1,77273;1,77273;0;0
2002-08-15;1,77273;1,77273;1,77273;1,77273;0;0
2002-08-14;1,68182;1,77273;1,68182;1,77273;0;0
2002-08-13;1,77273;1,81818;1,77273;1,81818;0;0
2002-08-12;1,77273;1,77273;1,77273;1,77273;0;0
2002-08-09;1,76364;1,76364;1,76364;1,76364;0;0
2002-08-08;1,77273;1,78182;1,77273;1,77273;0;0
2002-08-07;1,77273;1,78182;1,67273;1,78182;0;0
2002-08-06;1,77273;1,77273;1,77273;1,77273;0;0
2002-08-05;1,74545;1,77273;1,74545;1,77273;0;0
2002-08-02;1,77273;1,77273;1,77273;1,77273;0;0
2002-08-01;1,75455;1,77273;1,75455;1,77273;0;0
2002-07-31;1,74545;1,81818;1,74545;1,81818;0;0
2002-07-30;1,76364;1,76364;1,76364;1,76364;0;0
2002-07-29;1,76364;1,76364;1,76364;1,76364;0;0
2002-07-26;1,75455;1,75455;1,75455;1,75455;0;0
2002-07-25;1,77273;1,77273;1,77273;1,77273;0;0
2002-07-24;1,76364;1,77273;1,59091;1,77273;0;0
2002-07-23;1,84545;1,84545;1,70909;1,77273;0;0
2002-07-22;1,81818;1,85455;1,77273;1,85455;0;0
2002-07-19;2,00909;2,00909;2,00909;2,00909;0;0
2002-07-18;2,09091;2,09091;2,09091;2,09091;0;0
2002-07-17;2,09091;2,09091;2,09091;2,09091;0;0
2002-07-16;2,09091;2,09091;2,09091;2,09091;0;0
2002-07-15;2,09091;2,09091;2,09091;2,09091;0;0
2002-07-12;2,09091;2,09091;2,09091;2,09091;0;0
2002-07-11;2,07273;2,08182;2,07273;2,08182;0;0
2002-07-10;1,95455;2,01818;1,95455;2,01818;0;0
2002-07-09;2,08182;2,08182;2,08182;2,08182;0;0
2002-07-08;2,08182;2,08182;2,08182;2,08182;0;0
2002-07-05;2,08182;2,08182;2,08182;2,08182;0;0
2002-07-04;1,81818;2,10909;1,81818;2,10909;0;0
2002-07-03;2,00;2,09091;1,94545;2,00;0;0
2002-07-02;2,00909;2,09091;2,00909;2,09091;0;0
2002-07-01;2,18182;2,18182;2,18182;2,18182;0;0
2002-06-28;2,18182;2,18182;2,18182;2,18182;0;0
2002-06-27;2,18182;2,18182;2,18182;2,18182;0;0
2002-06-26;2,18182;2,18182;2,18182;2,18182;0;0
2002-06-25;2,09091;2,09091;1,95455;2,02727;0;0
2002-06-24;1,97273;2,09091;1,97273;2,09091;0;0
2002-06-21;2,04545;2,14545;2,04545;2,14545;0;0
2002-06-20;2,00;2,07273;2,00;2,07273;0;0
2002-06-19;2,18182;2,18182;2,18182;2,18182;0;0
2002-06-18;2,18182;2,18182;2,18182;2,18182;0;0
2002-06-17;2,18182;2,18182;2,18182;2,18182;0;0
2002-06-14;2,18182;2,18182;2,18182;2,18182;0;0
2002-06-13;2,18182;2,18182;2,18182;2,18182;0;0
2002-06-12;2,18182;2,18182;2,18182;2,18182;0;0
2002-06-11;2,18182;2,18182;2,18182;2,18182;0;0
2002-06-10;2,16364;2,18182;2,16364;2,18182;0;0
2002-06-07;2,18182;2,18182;2,05455;2,12727;0;0
2002-06-06;2,19091;2,19091;2,19091;2,19091;0;0
2002-06-05;2,04545;2,18182;2,04545;2,18182;0;0
2002-06-04;2,07273;2,07273;2,02727;2,04545;0;0
2002-06-03;2,22727;2,22727;2,09091;2,22727;0;0
2002-05-31;2,40;2,40;2,40;2,40;0;0
2002-05-30;2,40;2,40;2,40;2,40;0;0
2002-05-29;2,40;2,40;2,40;2,40;0;0
2002-05-28;2,40;2,40;2,40;2,40;0;0
2002-05-27;2,39091;2,39091;2,39091;2,39091;0;0
2002-05-24;2,39091;2,39091;2,39091;2,39091;0;0
2002-05-23;2,27273;2,39091;2,27273;2,39091;0;0
2002-05-22;2,36364;2,45455;2,27273;2,45455;0;0
2002-05-21;2,45455;2,45455;2,25455;2,40;0;0
2002-05-20;2,36364;2,36364;2,36364;2,36364;0;0
2002-05-17;2,29091;2,43636;2,29091;2,36364;0;0
2002-05-16;2,36364;2,36364;2,36364;2,36364;0;0
2002-05-15;2,04545;2,23636;2,04545;2,23636;0;0
2002-05-14;2,45455;2,45455;2,45455;2,45455;0;0
2002-05-13;2,45455;2,45455;2,45455;2,45455;0;0
2002-05-10;2,45455;2,45455;2,45455;2,45455;0;0
2002-05-09;2,52727;2,52727;2,52727;2,52727;0;0
2002-05-08;2,52727;2,52727;2,52727;2,52727;0;0
2002-05-07;2,45455;2,45455;2,45455;2,45455;0;0
2002-05-06;2,45455;2,49091;2,44545;2,49091;0;0
2002-05-03;2,59091;2,59091;2,59091;2,59091;0;0
2002-05-02;2,45455;2,59091;2,45455;2,59091;0;0
2002-05-01; ; ; ;2,63636;0;0
2002-04-30;2,63636;2,63636;2,47273;2,63636;0;0
2002-04-29;2,49091;2,49091;2,49091;2,49091;0;0
2002-04-26;2,49091;2,49091;2,49091;2,49091;0;0
2002-04-25;2,49091;2,49091;2,49091;2,49091;0;0
2002-04-24;2,45455;2,45455;2,45455;2,45455;0;0
2002-04-23;2,32727;2,45455;2,32727;2,45455;0;0
2002-04-22;2,45455;2,45455;2,40909;2,45455;0;0
2002-04-19;2,50;2,50;2,36364;2,45455;0;0
2002-04-18;2,36364;2,59091;2,36364;2,54545;0;0
2002-04-17;2,40909;2,40909;2,40909;2,40909;0;0
2002-04-16;2,36364;2,40909;2,36364;2,40909;0;0
2002-04-15;2,27273;2,40909;2,27273;2,40909;0;0
2002-04-12;2,36364;2,36364;2,36364;2,36364;0;0
2002-04-11;2,39091;2,40909;2,36364;2,36364;0;0
2002-04-10;2,45455;2,45455;2,36364;2,45455;0;0
2002-04-09;2,39091;2,46364;2,39091;2,46364;0;0
2002-04-08;2,36364;2,39091;2,36364;2,39091;0;0
2002-04-05;2,27273;2,40909;2,27273;2,40909;0;0
2002-04-04;2,41818;2,41818;2,41818;2,41818;0;0
2002-04-03;2,45455;2,45455;2,36364;2,41818;0;0
2002-04-02;2,54545;2,57273;2,40909;2,57273;0;0
2002-04-01; ; ; ;2,54545;0;0
2002-03-29; ; ; ;2,54545;0;0
2002-03-28;2,54545;2,54545;2,50;2,54545;0;0
2002-03-27;2,54545;2,54545;2,52727;2,52727;0;0
2002-03-26;2,54545;2,54545;2,52727;2,54545;0;0
2002-03-25;2,52727;2,54545;2,52727;2,54545;0;0
2002-03-22;2,45455;2,54545;2,45455;2,54545;0;0
2002-03-21; ; ; ;2,50909;0;0
2002-03-20; ; ; ;2,51818;0;0
2002-03-19;2,52727;2,52727;2,50;2,51818;0;0
2002-03-18;2,50;2,53636;2,45455;2,53636;0;0
2002-03-15;2,50;2,50;2,40;2,40;0;0
2002-03-14;2,54545;2,54545;2,52727;2,54545;0;0
2002-03-13;2,54545;2,54545;2,52727;2,54545;0;0
2002-03-12;2,54545;2,54545;2,36364;2,54545;0;0
2002-03-11;2,54545;2,54545;2,52727;2,54545;0;0
2002-03-08;2,54545;2,54545;2,54545;2,54545;0;0
2002-03-07;2,54545;2,54545;2,54545;2,54545;0;0
2002-03-06;2,43636;2,54545;2,43636;2,54545;0;0
2002-03-05;2,41818;2,41818;2,41818;2,41818;0;0
2002-03-04;2,44545;2,44545;2,44545;2,44545;0;0
2002-03-01;2,59091;2,59091;2,40909;2,54545;0;0
2002-02-28;2,57273;2,59091;2,57273;2,59091;0;0
2002-02-27;2,59091;2,59091;2,59091;2,59091;0;0
2002-02-26;2,59091;2,59091;2,59091;2,59091;0;0
2002-02-25;2,59091;2,59091;2,59091;2,59091;0;0
2002-02-22;2,59091;2,61818;2,57273;2,61818;0;0
2002-02-21;2,59091;2,59091;2,57273;2,59091;0;0
2002-02-20;2,59091;2,59091;2,59091;2,59091;0;0
2002-02-19;2,59091;2,62727;2,59091;2,62727;0;0
2002-02-18;2,59091;2,62727;2,59091;2,62727;0;0
2002-02-15;2,62727;2,62727;2,62727;2,62727;0;0
2002-02-14;2,62727;2,62727;2,62727;2,62727;0;0
2002-02-13;2,59091;2,62727;2,45455;2,61818;0;0
2002-02-12;2,61818;2,61818;2,61818;2,61818;0;0
2002-02-11;2,62727;2,62727;2,62727;2,62727;0;0
2002-02-08;2,62727;2,62727;2,62727;2,62727;0;0
2002-02-07;2,63636;2,63636;2,59091;2,62727;0;0
2002-02-06;2,54545;2,63636;2,45455;2,59091;0;0
2002-02-05;2,46364;2,63636;2,46364;2,63636;0;0
2002-02-04;2,62727;2,63636;2,49091;2,63636;0;0
2002-02-01;2,62727;2,62727;2,50;2,62727;0;0
2002-01-31;2,62727;2,62727;2,54545;2,62727;0;0
2002-01-30;2,63636;2,63636;2,61818;2,63636;0;0
2002-01-29;2,63636;2,63636;2,54545;2,63636;0;0
2002-01-28;2,63636;2,63636;2,63636;2,63636;0;0
2002-01-25;2,63636;2,72727;2,63636;2,72727;0;0
2002-01-24;2,63636;2,63636;2,63636;2,63636;0;0
2002-01-23;2,63636;2,63636;2,57273;2,63636;0;0
2002-01-22;2,57273;2,63636;2,57273;2,63636;0;0
2002-01-21;2,63636;2,63636;2,59091;2,63636;0;0
2002-01-18;2,63636;2,63636;2,63636;2,63636;0;0
2002-01-17; ; ; ;2,63636;0;0
2002-01-16;2,63636;2,63636;2,63636;2,63636;0;0
2002-01-15;2,72727;2,72727;2,61818;2,61818;0;0
2002-01-14;2,63636;2,72727;2,63636;2,72727;0;0
2002-01-11;2,95455;3,00;2,72727;2,72727;0;0
2002-01-10;3,03636;3,04545;2,81818;3,01818;0;0
2002-01-09;3,04545;3,09091;2,81818;3,04545;0;0
2002-01-08;2,95455;3,09091;2,90909;3,04545;0;0
2002-01-07;3,04545;3,04545;2,77273;3,04545;0;0
2002-01-04;3,09091;3,09091;3,00;3,04545;0;0
2002-01-03;3,18182;3,18182;2,82727;3,09091;0;0
2002-01-02;2,73636;3,18182;2,72727;3,18182;0;0
2002-01-01; ; ; ;2,63636;0;0
2001-12-31; ; ; ;2,63636;0;0
2001-12-28;2,63636;2,63636;2,59091;2,63636;0;0
2001-12-27;2,54545;2,63636;2,50;2,63636;0;0
2001-12-26; ; ; ;2,68182;0;0
2001-12-25; ; ; ;2,68182;0;0
2001-12-24; ; ; ;2,68182;0;0
2001-12-21;2,63636;2,68182;2,63636;2,68182;0;0
2001-12-20;2,63636;2,63636;2,61818;2,63636;0;0
2001-12-19;2,63636;2,63636;2,59091;2,63636;0;0
2001-12-18;2,60;2,63636;2,53636;2,63636;0;0
2001-12-17;2,63636;2,63636;2,56364;2,63636;0;0
2001-12-14;2,63636;2,63636;2,63636;2,63636;0;0
2001-12-13;2,63636;2,63636;2,63636;2,63636;0;0
2001-12-12;2,64545;2,64545;2,54545;2,54545;0;0
2001-12-11;2,86364;2,86364;2,59091;2,68182;0;0
2001-12-10;3,00;3,00;2,77273;2,86364;0;0
2001-12-07;2,86364;3,00;2,86364;2,90909;0;0
2001-12-06;2,98182;3,00;2,98182;3,00;0;0
2001-12-05;2,98182;3,04545;2,98182;3,04545;0;0
2001-12-04;3,18182;3,18182;2,72727;3,00;0;0
2001-12-03;3,09091;3,27273;2,94545;3,18182;0;0
2001-11-30;3,00;3,04545;2,94545;3,00;0;0
2001-11-29;3,00;3,00;2,94545;3,00;0;0
2001-11-28;2,95455;3,00;2,95455;3,00;0;0
2001-11-27;2,95455;3,00;2,94545;3,00;0;0
2001-11-26;3,00;3,00;2,93636;3,00;0;0
2001-11-23;2,97273;3,00;2,95455;2,95455;0;0
2001-11-22;2,97273;3,00;2,95455;3,00;0;0
2001-11-21;2,97273;3,00;2,97273;3,00;0;0
2001-11-20;2,99091;3,00;2,96364;3,00;0;0
2001-11-19;3,27273;3,27273;2,93636;3,09091;0;0
2001-11-16;3,00;3,27273;2,91818;3,27273;0;0
2001-11-15;2,99091;3,00;2,99091;3,00;0;0
2001-11-14;3,00;3,00;2,96364;3,00;0;0
2001-11-13;3,00;3,00;2,90909;3,00;0;0
2001-11-12;3,05455;3,05455;2,96364;3,00;0;0
2001-11-09;3,09091;3,09091;3,09091;3,09091;0;0
2001-11-08;3,13636;3,13636;2,86364;3,09091;0;0
2001-11-07;3,22727;3,27273;3,22727;3,27273;0;0
2001-11-06;3,27273;3,27273;3,22727;3,27273;0;0
2001-11-05;3,30909;3,30909;3,30909;3,30909;0;0
2001-11-02;3,27273;3,30909;3,18182;3,30909;0;0
2001-11-01;3,27273;3,31818;3,27273;3,31818;0;0
2001-10-31;3,30909;3,30909;3,27273;3,27273;0;0
2001-10-30;3,30909;3,30909;3,30909;3,30909;0;0
2001-10-29;3,36364;3,36364;3,31818;3,31818;0;0
2001-10-26; ; ; ;3,27273;0;0
2001-10-25;3,27273;3,27273;3,27273;3,27273;0;0
2001-10-24;3,31818;3,31818;3,31818;3,31818;0;0
2001-10-23;3,36364;3,36364;3,35455;3,35455;0;0
2001-10-22;3,36364;3,36364;3,36364;3,36364;0;0
2001-10-19;3,18182;3,35455;3,18182;3,35455;0;0
2001-10-18;3,36364;3,36364;3,36364;3,36364;0;0
2001-10-17;3,40909;3,40909;3,40909;3,40909;0;0
2001-10-16;3,40909;3,40909;3,40909;3,40909;0;0
2001-10-15;3,40909;3,40909;3,23636;3,40;0;0
2001-10-12;3,31818;3,31818;3,31818;3,31818;0;0
2001-10-11;3,31818;3,54545;3,28182;3,31818;0;0
2001-10-10; ; ; ;3,36364;0;0
2001-10-09;3,35455;3,36364;3,35455;3,36364;0;0
2001-10-08;3,22727;3,42727;3,22727;3,36364;0;0
2001-10-05;3,18182;3,18182;3,18182;3,18182;0;0
2001-10-04;3,01818;3,18182;3,01818;3,18182;0;0
2001-10-03; ; ; ;3,18182;0;0
2001-10-02;3,22727;3,22727;3,22727;3,22727;0;0
2001-10-01;3,18182;3,18182;3,09091;3,09091;0;0
2001-09-28;3,31818;3,31818;3,31818;3,31818;0;0
2001-09-27;3,18182;3,18182;3,18182;3,18182;0;0
2001-09-26;3,22727;3,34545;3,19091;3,22727;0;0
2001-09-25;3,22727;3,22727;3,22727;3,22727;0;0
2001-09-24;3,36364;3,36364;3,36364;3,36364;0;0
2001-09-21;3,36364;3,40909;3,36364;3,36364;0;0
2001-09-20;3,33636;3,50;3,09091;3,50;0;0
2001-09-19;3,50;3,50;3,50;3,50;0;0
2001-09-18;3,50;3,50;3,50;3,50;0;0
2001-09-17;3,50;3,63636;3,38182;3,63636;0;0
2001-09-14; ; ; ;3,63636;0;0
2001-09-13; ; ; ;3,63636;0;0
2001-09-12; ; ; ;3,95455;0;0
2001-09-11; ; ; ;3,77273;0;0
2001-09-10;3,63636;4,00;3,59091;3,81818;0;0
2001-09-07;4,16364;4,18182;3,59091;3,59091;0;0
2001-09-06;4,30909;4,30909;4,30909;4,30909;0;0
2001-09-05;4,50;4,50;4,31818;4,36364;0;0
2001-09-04;4,48182;4,68182;4,48182;4,68182;0;0
2001-09-03;4,54545;4,54545;4,47273;4,47273;0;0
2001-08-31;4,54545;4,54545;4,54545;4,54545;0;0
2001-08-30; ; ; ;4,63636;0;0
2001-08-29; ; ; ;4,68182;0;0
2001-08-28; ; ; ;4,90909;0;0
2001-08-27; ; ; ;4,90909;0;0
2001-08-24; ; ; ;4,87273;0;0
2001-08-23; ; ; ;5,00;0;0
2001-08-22; ; ; ;5,00909;0;0
2001-08-21; ; ; ;5,31818;0;0
2001-08-20; ; ; ;5,36364;0;0
2001-08-17; ; ; ;5,44545;0;0
2001-08-16; ; ; ;4,90909;0;0
2001-08-15; ; ; ;4,80909;0;0
2001-08-14; ; ; ;4,80909;0;0
2001-08-13; ; ; ;4,80909;0;0
2001-08-10; ; ; ;4,81818;0;0
2001-08-09; ; ; ;4,81818;0;0
2001-08-08; ; ; ;4,81818;0;0
2001-08-07; ; ; ;4,86364;0;0
2001-08-06; ; ; ;4,81818;0;0
2001-08-03; ; ; ;4,81818;0;0
2001-08-02; ; ; ;4,81818;0;0
2001-08-01; ; ; ;4,81818;0;0
2001-07-31; ; ; ;4,95455;0;0
2001-07-30; ; ; ;4,95455;0;0
2001-07-27; ; ; ;5,00;0;0
2001-07-26; ; ; ;4,95455;0;0
2001-07-25; ; ; ;5,00;0;0
2001-07-24; ; ; ;5,13636;0;0
2001-07-23; ; ; ;5,33058;0;0
2001-07-20; ; ; ;5,33058;0;0
2001-07-19; ; ; ;5,33058;0;0
2001-07-18; ; ; ;5,56645;0;0
2001-07-17; ; ; ;5,66079;0;0
2001-07-16; ; ; ;5,61362;0;0
2001-07-13; ; ; ;5,62305;0;0
2001-07-12; ; ; ;5,61362;0;0
2001-07-11; ; ; ;5,66079;0;0
2001-07-10; ; ; ;5,66079;0;0
2001-07-09; ; ; ;5,87779;0;0
2001-07-06; ; ; ;5,87779;0;0
2001-07-05; ; ; ;5,83062;0;0
2001-07-04; ; ; ;5,80231;0;0
2001-07-03; ; ; ;5,94383;0;0
2001-07-02; ; ; ;5,991;0;0
2001-06-29; ; ; ;6,08535;0;0
2001-06-28; ; ; ;6,22687;0;0
2001-06-27; ; ; ;6,24574;0;0
2001-06-26; ; ; ;6,60426;0;0
2001-06-25; ; ; ;6,60426;0;0
2001-06-22; ; ; ;6,60426;0;0
2001-06-21; ; ; ;6,60426;0;0
2001-06-20; ; ; ;6,8873;0;0
2001-06-19; ; ; ;7,00995;0;0
2001-06-18; ; ; ;7,26468;0;0
2001-06-15; ; ; ;7,18921;0;0
2001-06-14; ; ; ;7,19864;0;0
2001-06-13; ; ; ;7,18921;0;0
2001-06-12; ; ; ;7,19864;0;0
2001-06-11; ; ; ;7,35903;0;0
2001-06-08; ; ; ;7,26468;0;0
2001-06-07; ; ; ;7,26468;0;0
2001-06-06; ; ; ;7,34016;0;0
2001-06-05; ; ; ;7,38733;0;0
2001-06-04; ; ; ;7,50055;0;0
2001-06-01; ; ; ;7,50055;0;0
2001-05-31; ; ; ;7,50055;0;0
2001-05-30; ; ; ;7,6232;0;0
2001-05-29; ; ; ;7,6232;0;0
2001-05-28; ; ; ;7,58546;0;0
2001-05-25; ; ; ;7,68924;0;0
2001-05-24; ; ; ;7,77415;0;0
2001-05-23; ; ; ;7,77415;0;0
2001-05-22; ; ; ;7,73642;0;0
2001-05-21; ; ; ;7,73642;0;0
2001-05-18; ; ; ;7,54772;0;0
2001-05-17; ; ; ;7,26468;0;0
2001-05-16; ; ; ;7,12316;0;0
2001-05-15; ; ; ;6,98164;0;0
2001-05-14; ; ; ;6,98164;0;0
2001-05-11; ; ; ;6,97221;0;0
2001-05-10; ; ; ;6,93447;0;0
2001-05-09; ; ; ;6,8873;0;0
2001-05-08; ; ; ;7,02882;0;0
2001-05-07; ; ; ;6,84012;0;0
2001-05-04; ; ; ;7,07599;0;0
2001-05-03; ; ; ;7,07599;0;0
2001-05-02; ; ; ;6,98164;0;0
2001-05-01; ; ; ;6,8873;0;0
2001-04-30; ; ; ;6,8873;0;0
2001-04-27; ; ; ;7,06655;0;0
2001-04-26; ; ; ;6,8873;0;0
2001-04-25; ; ; ;6,93447;0;0
2001-04-24; ; ; ;6,98164;0;0
2001-04-23; ; ; ;7,17034;0;0
2001-04-20; ; ; ;7,17034;0;0
2001-04-19; ; ; ;7,17034;0;0
2001-04-18; ; ; ;6,98164;0;0
2001-04-17; ; ; ;7,21751;0;0
2001-04-16; ; ; ;7,31186;0;0
2001-04-13; ; ; ;7,31186;0;0
2001-04-12; ; ; ;7,31186;0;0
2001-04-11; ; ; ;7,35903;0;0
2001-04-10; ; ; ;7,54772;0;0
2001-04-09; ; ; ;7,54772;0;0
2001-04-06; ; ; ;7,31186;0;0
2001-04-05; ; ; ;7,35903;0;0
2001-04-04; ; ; ;7,54772;0;0
2001-04-03; ; ; ;7,54772;0;0
2001-04-02; ; ; ;7,5949;0;0
2001-03-30; ; ; ;7,50055;0;0
2001-03-29; ; ; ;7,50055;0;0
2001-03-28; ; ; ;7,54772;0;0
2001-03-27; ; ; ;7,52885;0;0
2001-03-26; ; ; ;7,50055;0;0
2001-03-23; ; ; ;7,64207;0;0
2001-03-22; ; ; ;7,5949;0;0
2001-03-21; ; ; ;7,5949;0;0
2001-03-20; ; ; ;7,77415;0;0
2001-03-19; ; ; ;7,64207;0;0
2001-03-16; ; ; ;7,58546;0;0
2001-03-15; ; ; ;7,5949;0;0
2001-03-14; ; ; ;7,66094;0;0
2001-03-13; ; ; ;7,50055;0;0
2001-03-12; ; ; ;7,73642;0;0
2001-03-09; ; ; ;7,83076;0;0
2001-03-08; ; ; ;7,78359;0;0
2001-03-07; ; ; ;7,81189;0;0
2001-03-06; ; ; ;7,83076;0;0
2001-03-05; ; ; ;7,83076;0;0
2001-03-02; ; ; ;7,83076;0;0
2001-03-01; ; ; ;7,92511;0;0
2001-02-28; ; ; ;7,77415;0;0
2001-02-27; ; ; ;7,73642;0;0
2001-02-26; ; ; ;7,83076;0;0
2001-02-23; ; ; ;7,83076;0;0
2001-02-22; ; ; ;8,01945;0;0
2001-02-21; ; ; ;8,20815;0;0
2001-02-20; ; ; ;8,5878;0;0
2001-02-19; ; ; ;8,5878;0;0
2001-02-16; ; ; ;8,82903;0;0
2001-02-15; ; ; ;8,86763;0;0
2001-02-14; ; ; ;8,665;0;0
2001-02-13; ; ; ;8,63605;0;0
2001-02-12; ; ; ;8,6843;0;0
2001-02-09; ; ; ;8,72289;0;0
2001-02-08; ; ; ;8,72289;0;0
2001-02-07; ; ; ;8,78079;0;0
2001-02-06; ; ; ;8,86763;0;0
2001-02-05; ; ; ;8,87728;0;0
2001-02-02; ; ; ;8,72289;0;0
2001-02-01; ; ; ;8,87728;0;0
2001-01-31; ; ; ;8,87728;0;0
2001-01-30; ; ; ;8,87728;0;0
2001-01-29; ; ; ;8,82903;0;0
2001-01-26; ; ; ;8,95447;0;0
2001-01-25; ; ; ;8,95447;0;0
2001-01-24; ; ; ;8,82903;0;0
2001-01-23; ; ; ;8,76149;0;0
2001-01-22; ; ; ;8,73254;0;0
2001-01-19; ; ; ;8,97377;0;0
2001-01-18; ; ; ;9,02202;0;0
2001-01-17; ; ; ;9,02202;0;0
2001-01-16; ; ; ;9,215;0;0
2001-01-15; ; ; ;8,63605;0;0
2001-01-12; ; ; ;9,07026;0;0
2001-01-11; ; ; ;8,73254;0;0
2001-01-10; ; ; ;8,39482;0;0
2001-01-09; ; ; ;8,70359;0;0
2001-01-08; ; ; ;8,67465;0;0
2001-01-05; ; ; ;8,20183;0;0
2001-01-04; ; ; ;8,29833;0;0
2001-01-03; ; ; ;7,57464;0;0
2001-01-02; ; ; ;7,62288;0;0
2001-01-01; ; ; ;7,31411;0;0
2000-12-29; ; ; ;7,31411;0;0
2000-12-28; ; ; ;7,31411;0;0
2000-12-27; ; ; ;7,4299;0;0
2000-12-26; ; ; ;7,28516;0;0
2000-12-25; ; ; ;7,28516;0;0
2000-12-22; ; ; ;7,28516;0;0
2000-12-21; ; ; ;7,3334;0;0
2000-12-20; ; ; ;7,3334;0;0
2000-12-19; ; ; ;7,52639;0;0
2000-12-18; ; ; ;7,71937;0;0
2000-12-15; ; ; ;7,60358;0;0
2000-12-14; ; ; ;7,60358;0;0
2000-12-13; ; ; ;7,71937;0;0
2000-12-12; ; ; ;7,71937;0;0
2000-12-11; ; ; ;7,76762;0;0
2000-12-08; ; ; ;7,91236;0;0
2000-12-07; ; ; ;8,20183;0;0
2000-12-06; ; ; ;8,10534;0;0
2000-12-05; ; ; ;8,10534;0;0
2000-12-04; ; ; ;8,39482;0;0
2000-12-01; ; ; ;8,6843;0;0
2000-11-30; ; ; ;8,6843;0;0
2000-11-29; ; ; ;8,6843;0;0
2000-11-28; ; ; ;8,29833;0;0
2000-11-27; ; ; ;7,91236;0;0
2000-11-24; ; ; ;7,86411;0;0
2000-11-23; ; ; ;8,15359;0;0
2000-11-22; ; ; ;8,20183;0;0
2000-11-21; ; ; ;9,215;0;0
2000-11-20; ; ; ;9,40799;0;0
2000-11-17; ; ; ;9,215;0;0
2000-11-16; ; ; ;9,16676;0;0
2000-11-15; ; ; ;9,05097;0;0
2000-11-14; ; ; ;9,07026;0;0
2000-11-13; ; ; ;8,82903;0;0
2000-11-10; ; ; ;9,00272;0;0
2000-11-09; ; ; ;8,78079;0;0
2000-11-08; ; ; ;8,6843;0;0
2000-11-07; ; ; ;8,6843;0;0
2000-11-06; ; ; ;8,87728;0;0
2000-11-03; ; ; ;8,6843;0;0
2000-11-02; ; ; ;8,53956;0;0
2000-11-01; ; ; ;8,29833;0;0
2000-10-31; ; ; ;8,63605;0;0
2000-10-30; ; ; ;8,63605;0;0
2000-10-27; ; ; ;8,53956;0;0
2000-10-26; ; ; ;8,53956;0;0
2000-10-25; ; ; ;8,57815;0;0
2000-10-24; ; ; ;8,5878;0;0
2000-10-23; ; ; ;8,5878;0;0
2000-10-20; ; ; ;8,49131;0;0
2000-10-19; ; ; ;8,27903;0;0
2000-10-18; ; ; ;8,00885;0;0
2000-10-17; ; ; ;8,20183;0;0
2000-10-16; ; ; ;8,10534;0;0
2000-10-13; ; ; ;8,10534;0;0
2000-10-12; ; ; ;7,9606;0;0
2000-10-11; ; ; ;8,20183;0;0
2000-10-10; ; ; ;8,29833;0;0
2000-10-09; ; ; ;8,15359;0;0
2000-10-06; ; ; ;8,29833;0;0
2000-10-05; ; ; ;8,5878;0;0
2000-10-04; ; ; ;8,5878;0;0
2000-10-02; ; ; ;8,63605;0;0
2000-09-28; ; ; ;8,78079;0;0
2000-09-27; ; ; ;8,67465;0;0
2000-09-26; ; ; ;8,40447;0;0
2000-09-22; ; ; ;8,35622;0;0
2000-09-21; ; ; ;8,49131;0;0
2000-09-20; ; ; ;8,78079;0;0
2000-09-19; ; ; ;8,78079;0;0
2000-09-18; ; ; ;8,97377;0;0
2000-09-15; ; ; ;9,16676;0;0
2000-09-14; ; ; ;9,215;0;0
2000-09-13; ; ; ;8,92553;0;0
2000-09-12; ; ; ;9,06061;0;0
2000-09-11; ; ; ;9,06061;0;0
2000-09-08; ; ; ;9,215;0;0
2000-09-07; ; ; ;9,24395;0;0
2000-09-06; ; ; ;9,2729;0;0
2000-09-05; ; ; ;9,64922;0;0
2000-09-04; ; ; ;9,89045;0;0
2000-09-01; ; ; ;10,1317;0;0
2000-08-31; ; ; ;11,2896;0;0
2000-08-30; ; ; ;11,2896;0;0
2000-08-29; ; ; ;11,2896;0;0
2000-08-28; ; ; ;11,2896;0;0
2000-08-25; ; ; ;11,2896;0;0
2000-08-24; ; ; ;11,2896;0;0
2000-08-23; ; ; ;11,2896;0;0
2000-08-22; ; ; ;11,2896;0;0
2000-08-21; ; ; ;11,2896;0;0
2000-08-18; ; ; ;11,2896;0;0
2000-08-17; ; ; ;12,351;0;0
2000-08-16; ; ; ;12,351;0;0
2000-08-15; ; ; ;12,351;0;0
2000-08-14; ; ; ;12,351;0;0
2000-08-11; ; ; ;11,4875;0;0
2000-08-10; ; ; ;9,57292;0;0
2000-08-09; ; ; ;9,57292;0;0
2000-08-08; ; ; ;9,57292;0;0
2000-08-07; ; ; ;9,57292;0;0
2000-08-04; ; ; ;9,57292;0;0
2000-08-03; ; ; ;9,57292;0;0
2000-08-02; ; ; ;9,57292;0;0
2000-08-01; ; ; ;9,57292;0;0
2000-07-31; ; ; ;9,57292;0;0
2000-07-28; ; ; ;9,57292;0;0
2000-07-27; ; ; ;9,57292;0;0
2000-07-26; ; ; ;9,57292;0;0
2000-07-25; ; ; ;9,57292;0;0
2000-07-24; ; ; ;9,57292;0;0
2000-07-21; ; ; ;9,57292;0;0
2000-07-20; ; ; ;9,57292;0;0
2000-07-19; ; ; ;9,57292;0;0
2000-07-18; ; ; ;9,57292;0;0
2000-07-17; ; ; ;9,57292;0;0
2000-07-14; ; ; ;9,57292;0;0
2000-07-13; ; ; ;9,57292;0;0
2000-07-12; ; ; ;9,57292;0;0
2000-07-11; ; ; ;9,57292;0;0
2000-07-10; ; ; ;9,57292;0;0
2000-07-07; ; ; ;9,57292;0;0
2000-07-06; ; ; ;9,57292;0;0
2000-07-05; ; ; ;9,57292;0;0
2000-07-04; ; ; ;9,57292;0;0
2000-07-03; ; ; ;9,57292;0;0
2000-06-30; ; ; ;9,57292;0;0
2000-06-29; ; ; ;9,57292;0;0
2000-06-28; ; ; ;9,57292;0;0
2000-06-27; ; ; ;9,57292;0;0
2000-06-26; ; ; ;9,57292;0;0
2000-06-23; ; ; ;9,57292;0;0
2000-06-22; ; ; ;9,57292;0;0
2000-06-21; ; ; ;9,57292;0;0
2000-06-20; ; ; ;9,57292;0;0
2000-06-19; ; ; ;9,57292;0;0
2000-06-16; ; ; ;9,57292;0;0
2000-06-15; ; ; ;9,57292;0;0
2000-06-14; ; ; ;9,57292;0;0
2000-06-13; ; ; ;9,57292;0;0
2000-06-12; ; ; ;9,57292;0;0
2000-06-09; ; ; ;9,57292;0;0
2000-06-08; ; ; ;9,57292;0;0
2000-06-07; ; ; ;9,57292;0;0
2000-06-06; ; ; ;9,57292;0;0
2000-06-05; ; ; ;9,57292;0;0
2000-06-02; ; ; ;9,57292;0;0
2000-06-01; ; ; ;9,57292;0;0
2000-05-31; ; ; ;9,57292;0;0
2000-05-30; ; ; ;9,57292;0;0
2000-05-29; ; ; ;9,57292;0;0
2000-05-26; ; ; ;9,57292;0;0
2000-05-25; ; ; ;9,57292;0;0
2000-05-24; ; ; ;9,57292;0;0
2000-05-23; ; ; ;9,57292;0;0
2000-05-22; ; ; ;9,57292;0;0
2000-05-19; ; ; ;9,57292;0;0
2000-05-18; ; ; ;9,57292;0;0
2000-05-17; ; ; ;9,57292;0;0
2000-05-16; ; ; ;9,57292;0;0
2000-05-15; ; ; ;9,57292;0;0
2000-05-12; ; ; ;9,57292;0;0
2000-05-11; ; ; ;9,57292;0;0
2000-05-10; ; ; ;9,57292;0;0
2000-05-09; ; ; ;9,57292;0;0
2000-05-08; ; ; ;9,57292;0;0
2000-05-05; ; ; ;9,57292;0;0
2000-05-04; ; ; ;9,57292;0;0
2000-05-03; ; ; ;9,57292;0;0
2000-05-02; ; ; ;9,57292;0;0
2000-05-01; ; ; ;9,57292;0;0
2000-04-28; ; ; ;9,57292;0;0
2000-04-27; ; ; ;9,57292;0;0
2000-04-26; ; ; ;9,57292;0;0
2000-04-25; ; ; ;9,57292;0;0
2000-04-24; ; ; ;9,57292;0;0
2000-04-21; ; ; ;9,57292;0;0
2000-04-20; ; ; ;9,57292;0;0
2000-04-19; ; ; ;9,57292;0;0
2000-04-18; ; ; ;9,57292;0;0
2000-04-17; ; ; ;9,57292;0;0
2000-04-14; ; ; ;9,57292;0;0
2000-04-13; ; ; ;9,57292;0;0
2000-04-12; ; ; ;9,57292;0;0
2000-04-11; ; ; ;9,57292;0;0
2000-04-10; ; ; ;9,57292;0;0
2000-04-07; ; ; ;9,57292;0;0
2000-04-06; ; ; ;9,57292;0;0
2000-04-05; ; ; ;9,57292;0;0
2000-04-04; ; ; ;9,57292;0;0
2000-04-03; ; ; ;9,57292;0;0
2000-03-31; ; ; ;9,57292;0;0
2000-03-30; ; ; ;9,57292;0;0
2000-03-29; ; ; ;9,57292;0;0
2000-03-28; ; ; ;9,57292;0;0
2000-03-27; ; ; ;9,57292;0;0
2000-03-24; ; ; ;9,57292;0;0
2000-03-23; ; ; ;9,57292;0;0
2000-03-22; ; ; ;9,57292;0;0
2000-03-21; ; ; ;9,57292;0;0
2000-03-20; ; ; ;9,57292;0;0
2000-03-17; ; ; ;9,57292;0;0
2000-03-16; ; ; ;9,57292;0;0
2000-03-15; ; ; ;9,57292;0;0
2000-03-14; ; ; ;9,57292;0;0
2000-03-13; ; ; ;9,57292;0;0
2000-03-10; ; ; ;9,57292;0;0
2000-03-09; ; ; ;9,57292;0;0
2000-03-08; ; ; ;9,57292;0;0
2000-03-07; ; ; ;9,57292;0;0
2000-03-06; ; ; ;9,57292;0;0
2000-03-03; ; ; ;9,87926;0;0
2000-03-02; ; ; ;9,87926;0;0
2000-03-01; ; ; ;9,87926;0;0
2000-02-29; ; ; ;9,87926;0;0
2000-02-28; ; ; ;9,87926;0;0
2000-02-25; ; ; ;9,87926;0;0
2000-02-24; ; ; ;9,62079;0;0
2000-02-23; ; ; ;9,62079;0;0
2000-02-22; ; ; ;9,62079;0;0
2000-02-21; ; ; ;7,65834;0;0
2000-02-18; ; ; ;7,65834;0;0
2000-02-17; ; ; ;7,65834;0;0
2000-02-16; ; ; ;7,65834;0;0
2000-02-15; ; ; ;7,65834;0;0
2000-02-14; ; ; ;7,65834;0;0
2000-02-11; ; ; ;7,65834;0;0
2000-02-10; ; ; ;7,65834;0;0
2000-02-09; ; ; ;7,65834;0;0
2000-02-08; ; ; ;7,65834;0;0
2000-02-07; ; ; ;7,65834;0;0
2000-02-04; ; ; ;7,65834;0;0
2000-02-03; ; ; ;7,65834;0;0
2000-02-02; ; ; ;7,65834;0;0
2000-02-01; ; ; ;7,65834;0;0
2000-01-31; ; ; ;7,65834;0;0
2000-01-28; ; ; ;7,65834;0;0
2000-01-27; ; ; ;7,66791;0;0
2000-01-26; ; ; ;8,13699;0;0
2000-01-25; ; ; ;8,13699;0;0
2000-01-24; ; ; ;8,13699;0;0
2000-01-21; ; ; ;8,13699;0;0
2000-01-20; ; ; ;8,13699;0;0
2000-01-19; ; ; ;8,13699;0;0
2000-01-18; ; ; ;8,13699;0;0
2000-01-17; ; ; ;8,13699;0;0
2000-01-14; ; ; ;8,13699;0;0
2000-01-13; ; ; ;8,13699;0;0
2000-01-12; ; ; ;8,13699;0;0
2000-01-11; ; ; ;8,13699;0;0
2000-01-10; ; ; ;8,13699;0;0
2000-01-07; ; ; ;8,13699;0;0
2000-01-06; ; ; ;8,13699;0;0
2000-01-05; ; ; ;8,13699;0;0
2000-01-04; ; ; ;8,13699;0;0
2000-01-03; ; ; ;8,13699;0;0





