Datum;Erster;Hoch;Tief;Schlusskurs;Stuecke;;
2000-01-03; ; ; ;2,83702;0;0;
2000-01-04; ; ; ;2,83702;0;0;
2000-01-05; ; ; ;2,83702;0;0;
2000-01-06; ; ; ;2,76301;0;0;
2000-01-07; ; ; ;2,73834;0;0;
2000-01-10; ; ; ;2,71367;0;0;
2000-01-11; ; ; ;2,71367;0;0;
2000-01-12; ; ; ;2,66433;0;0;
2000-01-13; ; ; ;2,63966;0;0;
2000-01-14; ; ; ;2,73834;0;0;
2000-01-17; ; ; ;2,71367;0;0;
2000-01-18; ; ; ;2,71367;0;0;
2000-01-19; ; ; ;2,83702;0;0;
2000-01-20; ; ; ;2,9357;0;0;
2000-01-21; ; ; ;2,91103;0;0;
2000-01-24; ; ; ;2,91103;0;0;
2000-01-25; ; ; ;2,88636;0;0;
2000-01-26; ; ; ;2,88636;0;0;
2000-01-27; ; ; ;2,86169;0;0;
2000-01-28; ; ; ;2,88636;0;0;
2000-01-31; ; ; ;2,88636;0;0;
2000-02-01; ; ; ;2,83702;0;0;
2000-02-02; ; ; ;2,83702;0;0;
2000-02-03; ; ; ;2,83702;0;0;
2000-02-04; ; ; ;2,83702;0;0;
2000-02-07; ; ; ;2,83702;0;0;
2000-02-08; ; ; ;2,83702;0;0;
2000-02-09; ; ; ;2,83702;0;0;
2000-02-10; ; ; ;2,83702;0;0;
2000-02-11; ; ; ;2,83702;0;0;
2000-02-14; ; ; ;2,66433;0;0;
2000-02-15; ; ; ;2,66433;0;0;
2000-02-16; ; ; ;2,66433;0;0;
2000-02-17; ; ; ;2,63966;0;0;
2000-02-18; ; ; ;2,59032;0;0;
2000-02-21; ; ; ;2,54098;0;0;
2000-02-22; ; ; ;2,54098;0;0;
2000-02-23; ; ; ;2,56565;0;0;
2000-02-24; ; ; ;2,56565;0;0;
2000-02-25; ; ; ;2,54098;0;0;
2000-02-28; ; ; ;2,51631;0;0;
2000-02-29; ; ; ;2,51631;0;0;
2000-03-01; ; ; ;2,51631;0;0;
2000-03-02; ; ; ;2,49164;0;0;
2000-03-03; ; ; ;2,49164;0;0;
2000-03-06; ; ; ;2,66433;0;0;
2000-03-07; ; ; ;2,63966;0;0;
2000-03-08; ; ; ;2,61499;0;0;
2000-03-09; ; ; ;2,66433;0;0;
2000-03-10; ; ; ;2,66433;0;0;
2000-03-13; ; ; ;2,63966;0;0;
2000-03-14; ; ; ;2,61499;0;0;
2000-03-15; ; ; ;2,59032;0;0;
2000-03-16; ; ; ;2,59032;0;0;
2000-03-17; ; ; ;2,59032;0;0;
2000-03-20; ; ; ;2,83702;0;0;
2000-03-21; ; ; ;2,83702;0;0;
2000-03-22; ; ; ;2,83702;0;0;
2000-03-23; ; ; ;2,83702;0;0;
2000-03-24; ; ; ;2,81235;0;0;
2000-03-27; ; ; ;2,78768;0;0;
2000-03-28; ; ; ;2,78768;0;0;
2000-03-29; ; ; ;2,78768;0;0;
2000-03-30; ; ; ;2,76301;0;0;
2000-03-31; ; ; ;2,66433;0;0;
2000-04-03; ; ; ;2,66433;0;0;
2000-04-04; ; ; ;2,689;0;0;
2000-04-05; ; ; ;2,63966;0;0;
2000-04-06; ; ; ;2,689;0;0;
2000-04-07; ; ; ;2,66433;0;0;
2000-04-10; ; ; ;2,66433;0;0;
2000-04-11; ; ; ;2,63966;0;0;
2000-04-12; ; ; ;2,61499;0;0;
2000-04-13; ; ; ;2,59032;0;0;
2000-04-14; ; ; ;2,56565;0;0;
2000-04-17; ; ; ;2,51631;0;0;
2000-04-18; ; ; ;2,51631;0;0;
2000-04-19; ; ; ;2,51631;0;0;
2000-04-20; ; ; ;2,51631;0;0;
2000-04-21; ; ; ;2,51631;0;0;
2000-04-24; ; ; ;2,51631;0;0;
2000-04-25; ; ; ;2,51631;0;0;
2000-04-26; ; ; ;2,689;0;0;
2000-04-27; ; ; ;2,66433;0;0;
2000-04-28; ; ; ;2,66433;0;0;
2000-05-01; ; ; ;2,66433;0;0;
2000-05-02; ; ; ;2,66433;0;0;
2000-05-03; ; ; ;2,66433;0;0;
2000-05-04; ; ; ;2,66433;0;0;
2000-05-05; ; ; ;2,63966;0;0;
2000-05-08; ; ; ;2,63966;0;0;
2000-05-09; ; ; ;2,63966;0;0;
2000-05-10; ; ; ;2,63966;0;0;
2000-05-11; ; ; ;2,42997;0;0;
2000-05-12; ; ; ;2,4423;0;0;
2000-05-15; ; ; ;2,41763;0;0;
2000-05-16; ; ; ;2,46697;0;0;
2000-05-17; ; ; ;2,46697;0;0;
2000-05-18; ; ; ;2,49164;0;0;
2000-05-19; ; ; ;2,46697;0;0;
2000-05-22; ; ; ;2,41763;0;0;
2000-05-23; ; ; ;2,41763;0;0;
2000-05-24; ; ; ;2,39297;0;0;
2000-05-25; ; ; ;2,41763;0;0;
2000-05-26; ; ; ;2,39297;0;0;
2000-05-29; ; ; ;2,34363;0;0;
2000-05-30; ; ; ;2,34363;0;0;
2000-05-31; ; ; ;2,31896;0;0;
2000-06-01; ; ; ;2,41763;0;0;
2000-06-02; ; ; ;2,41763;0;0;
2000-06-05; ; ; ;2,41763;0;0;
2000-06-06; ; ; ;2,41763;0;0;
2000-06-07; ; ; ;2,39297;0;0;
2000-06-08; ; ; ;2,41763;0;0;
2000-06-09; ; ; ;2,39297;0;0;
2000-06-12; ; ; ;2,3683;0;0;
2000-06-13; ; ; ;2,3683;0;0;
2000-06-14; ; ; ;2,39297;0;0;
2000-06-15; ; ; ;2,46697;0;0;
2000-06-16; ; ; ;2,46697;0;0;
2000-06-19; ; ; ;2,46697;0;0;
2000-06-20; ; ; ;2,46697;0;0;
2000-06-21; ; ; ;2,41763;0;0;
2000-06-22; ; ; ;2,41763;0;0;
2000-06-23; ; ; ;2,41763;0;0;
2000-06-26; ; ; ;2,41763;0;0;
2000-06-27; ; ; ;2,39297;0;0;
2000-06-28; ; ; ;2,3683;0;0;
2000-06-29; ; ; ;2,31896;0;0;
2000-06-30; ; ; ;2,31896;0;0;
2000-07-03; ; ; ;2,41763;0;0;
2000-07-04; ; ; ;2,41763;0;0;
2000-07-05; ; ; ;2,41763;0;0;
2000-07-06; ; ; ;2,39297;0;0;
2000-07-07; ; ; ;2,39297;0;0;
2000-07-10; ; ; ;2,39297;0;0;
2000-07-11; ; ; ;2,71367;0;0;
2000-07-12; ; ; ;2,71367;0;0;
2000-07-13; ; ; ;2,71367;0;0;
2000-07-14; ; ; ;2,71367;0;0;
2000-07-17; ; ; ;2,63966;0;0;
2000-07-18; ; ; ;2,63966;0;0;
2000-07-19; ; ; ;2,56565;0;0;
2000-07-20; ; ; ;2,59032;0;0;
2000-07-21; ; ; ;2,51631;0;0;
2000-07-24; ; ; ;2,49164;0;0;
2000-07-25; ; ; ;2,46697;0;0;
2000-07-26; ; ; ;2,46697;0;0;
2000-07-27; ; ; ;2,46697;0;0;
2000-07-28; ; ; ;2,46697;0;0;
2000-07-31; ; ; ;2,49164;0;0;
2000-08-01; ; ; ;2,46697;0;0;
2000-08-02; ; ; ;2,61499;0;0;
2000-08-03; ; ; ;2,59032;0;0;
2000-08-04; ; ; ;2,56565;0;0;
2000-08-07; ; ; ;2,51631;0;0;
2000-08-08; ; ; ;2,49164;0;0;
2000-08-09; ; ; ;2,51631;0;0;
2000-08-10; ; ; ;2,59032;0;0;
2000-08-11; ; ; ;2,51631;0;0;
2000-08-14; ; ; ;2,49164;0;0;
2000-08-15; ; ; ;2,41763;0;0;
2000-08-16; ; ; ;2,41763;0;0;
2000-08-17; ; ; ;2,41763;0;0;
2000-08-18; ; ; ;2,39297;0;0;
2000-08-21; ; ; ;2,39297;0;0;
2000-08-22; ; ; ;2,46697;0;0;
2000-08-23; ; ; ;2,46697;0;0;
2000-08-24; ; ; ;2,46697;0;0;
2000-08-25; ; ; ;2,41763;0;0;
2000-08-28; ; ; ;2,41763;0;0;
2000-08-29; ; ; ;2,41763;0;0;
2000-08-30; ; ; ;2,3683;0;0;
2000-08-31; ; ; ;2,3683;0;0;
2000-09-01; ; ; ;2,3683;0;0;
2000-09-04; ; ; ;2,3683;0;0;
2000-09-05; ; ; ;2,3683;0;0;
2000-09-06; ; ; ;2,3683;0;0;
2000-09-07; ; ; ;2,3683;0;0;
2000-09-08; ; ; ;2,3683;0;0;
2000-09-11; ; ; ;2,3683;0;0;
2000-09-12; ; ; ;2,3683;0;0;
2000-09-13; ; ; ;2,61499;0;0;
2000-09-14; ; ; ;2,61499;0;0;
2000-09-15; ; ; ;2,61499;0;0;
2000-09-18; ; ; ;2,61499;0;0;
2000-09-19; ; ; ;2,61499;0;0;
2000-09-20; ; ; ;2,61499;0;0;
2000-09-21; ; ; ;2,59032;0;0;
2000-09-22; ; ; ;2,54098;0;0;
2000-09-25; ; ; ;2,51631;0;0;
2000-09-26; ; ; ;2,49164;0;0;
2000-09-27; ; ; ;2,49164;0;0;
2000-09-28; ; ; ;2,49164;0;0;
2000-09-29; ; ; ;2,49164;0;0;
2000-10-02; ; ; ;2,49164;0;0;
2000-10-03; ; ; ;2,49164;0;0;
2000-10-04; ; ; ;2,54098;0;0;
2000-10-05; ; ; ;2,54098;0;0;
2000-10-06; ; ; ;2,51631;0;0;
2000-10-09; ; ; ;2,54098;0;0;
2000-10-10; ; ; ;2,51631;0;0;
2000-10-11; ; ; ;2,46697;0;0;
2000-10-12; ; ; ;2,46697;0;0;
2000-10-13; ; ; ;2,46697;0;0;
2000-10-16; ; ; ;2,46697;0;0;
2000-10-17; ; ; ;2,46697;0;0;
2000-10-18; ; ; ;2,51631;0;0;
2000-10-19; ; ; ;2,51631;0;0;
2000-10-20; ; ; ;2,46697;0;0;
2000-10-23; ; ; ;2,56565;0;0;
2000-10-24; ; ; ;2,56565;0;0;
2000-10-25; ; ; ;2,66433;0;0;
2000-10-26; ; ; ;2,66433;0;0;
2000-10-27; ; ; ;2,66433;0;0;
2000-10-30; ; ; ;2,63966;0;0;
2000-10-31; ; ; ;2,63966;0;0;
2000-11-01; ; ; ;2,71367;0;0;
2000-11-02; ; ; ;2,76301;0;0;
2000-11-03; ; ; ;2,76301;0;0;
2000-11-06; ; ; ;2,76301;0;0;
2000-11-07; ; ; ;2,76301;0;0;
2000-11-08; ; ; ;2,76301;0;0;
2000-11-09; ; ; ;2,76301;0;0;
2000-11-10; ; ; ;2,76301;0;0;
2000-11-13; ; ; ;2,73834;0;0;
2000-11-14; ; ; ;2,83702;0;0;
2000-11-15; ; ; ;2,83702;0;0;
2000-11-16; ; ; ;2,83702;0;0;
2000-11-17; ; ; ;2,9357;0;0;
2000-11-20; ; ; ;2,91103;0;0;
2000-11-21; ; ; ;2,88636;0;0;
2000-11-22; ; ; ;2,86169;0;0;
2000-11-23; ; ; ;3,00971;0;0;
2000-11-24; ; ; ;2,98504;0;0;
2000-11-27; ; ; ;3,35509;0;0;
2000-11-28; ; ; ;3,30575;0;0;
2000-11-29; ; ; ;3,28108;0;0;
2000-11-30; ; ; ;3,15773;0;0;
2000-12-01; ; ; ;3,15773;0;0;
2000-12-04; ; ; ;3,15773;0;0;
2000-12-05; ; ; ;3,28108;0;0;
2000-12-06; ; ; ;3,28108;0;0;
2000-12-07; ; ; ;3,20707;0;0;
2000-12-08; ; ; ;3,20707;0;0;
2000-12-11; ; ; ;3,20707;0;0;
2000-12-12; ; ; ;3,20707;0;0;
2000-12-13; ; ; ;3,20707;0;0;
2000-12-14; ; ; ;3,20707;0;0;
2000-12-15; ; ; ;3,20707;0;0;
2000-12-18; ; ; ;3,15773;0;0;
2000-12-19; ; ; ;3,15773;0;0;
2000-12-20; ; ; ;3,13306;0;0;
2000-12-21; ; ; ;2,98504;0;0;
2000-12-22; ; ; ;2,98504;0;0;
2000-12-25; ; ; ;2,98504;0;0;
2000-12-26; ; ; ;2,98504;0;0;
2000-12-27; ; ; ;3,13306;0;0;
2000-12-28; ; ; ;3,13306;0;0;
2000-12-29; ; ; ;3,10839;0;0;
2001-01-01; ; ; ;3,10839;0;0;
2001-01-02; ; ; ;3,10839;0;0;
2001-01-03; ; ; ;3,08372;0;0;
2001-01-04; ; ; ;3,10839;0;0;
2001-01-05; ; ; ;3,08372;0;0;
2001-01-08; ; ; ;3,15773;0;0;
2001-01-09; ; ; ;3,13306;0;0;
2001-01-10; ; ; ;3,10839;0;0;
2001-01-11; ; ; ;3,08372;0;0;
2001-01-12; ; ; ;3,05905;0;0;
2001-01-15; ; ; ;3,03438;0;0;
2001-01-16; ; ; ;3,03438;0;0;
2001-01-17; ; ; ;3,00971;0;0;
2001-01-18; ; ; ;3,00971;0;0;
2001-01-19; ; ; ;2,9357;0;0;
2001-01-22; ; ; ;3,05905;0;0;
2001-01-23; ; ; ;3,05905;0;0;
2001-01-24; ; ; ;3,15773;0;0;
2001-01-25; ; ; ;3,47843;0;0;
2001-01-26; ; ; ;3,5031;0;0;
2001-01-29; ; ; ;3,70046;0;0;
2001-01-30; ; ; ;3,79914;0;0;
2001-01-31; ; ; ;3,94716;0;0;
2001-02-01; ; ; ;3,79914;0;0;
2001-02-02; ; ; ;3,70046;0;0;
2001-02-05; ; ; ;3,62645;0;0;
2001-02-06; ; ; ;3,7498;0;0;
2001-02-07; ; ; ;3,92249;0;0;
2001-02-08; ; ; ;3,84848;0;0;
2001-02-09; ; ; ;3,72513;0;0;
2001-02-12; ; ; ;3,70046;0;0;
2001-02-13; ; ; ;3,70046;0;0;
2001-02-14; ; ; ;3,65112;0;0;
2001-02-15; ; ; ;3,60178;0;0;
2001-02-16; ; ; ;3,70046;0;0;
2001-02-19; ; ; ;3,84848;0;0;
2001-02-20; ; ; ;3,92249;0;0;
2001-02-21; ; ; ;3,94716;0;0;
2001-02-22; ; ; ;3,87315;0;0;
2001-02-23; ; ; ;3,82381;0;0;
2001-02-26; ; ; ;3,9965;0;0;
2001-02-27; ; ; ;3,9965;0;0;
2001-02-28; ; ; ;3,9965;0;0;
2001-03-01; ; ; ;4,02117;0;0;
2001-03-02; ; ; ;3,97183;0;0;
2001-03-05; ; ; ;3,94716;0;0;
2001-03-06; ; ; ;3,94716;0;0;
2001-03-07; ; ; ;3,94716;0;0;
2001-03-08; ; ; ;3,89782;0;0;
2001-03-09; ; ; ;3,87315;0;0;
2001-03-12; ; ; ;3,82381;0;0;
2001-03-13; ; ; ;3,70046;0;0;
2001-03-14; ; ; ;3,62645;0;0;
2001-03-15; ; ; ;3,55244;0;0;
2001-03-16; ; ; ;3,55244;0;0;
2001-03-19; ; ; ;3,55244;0;0;
2001-03-20; ; ; ;3,55244;0;0;
2001-03-21; ; ; ;3,5031;0;0;
2001-03-22; ; ; ;3,52777;0;0;
2001-03-23; ; ; ;3,40442;0;0;
2001-03-26; ; ; ;3,45376;0;0;
2001-03-27; ; ; ;3,62645;0;0;
2001-03-28; ; ; ;3,79914;0;0;
2001-03-29; ; ; ;3,77447;0;0;
2001-03-30; ; ; ;3,94716;0;0;
2001-04-02; ; ; ;3,94716;0;0;
2001-04-03; ; ; ;4,11985;0;0;
2001-04-04; ; ; ;4,07051;0;0;
2001-04-05; ; ; ;3,97183;0;0;
2001-04-06; ; ; ;4,14452;0;0;
2001-04-09; ; ; ;4,04584;0;0;
2001-04-10; ; ; ;4,14452;0;0;
2001-04-11; ; ; ;4,11985;0;0;
2001-04-12; ; ; ;4,11985;0;0;
2001-04-13; ; ; ;4,11985;0;0;
2001-04-16; ; ; ;4,11985;0;0;
2001-04-17; ; ; ;4,02117;0;0;
2001-04-18; ; ; ;4,02117;0;0;
2001-04-19; ; ; ;4,07051;0;0;
2001-04-20; ; ; ;4,19386;0;0;
2001-04-23; ; ; ;4,19386;0;0;
2001-04-24; ; ; ;4,07051;0;0;
2001-04-25; ; ; ;4,07051;0;0;
2001-04-26; ; ; ;4,09518;0;0;
2001-04-27; ; ; ;4,21853;0;0;
2001-04-30; ; ; ;4,19386;0;0;
2001-05-01; ; ; ;4,19386;0;0;
2001-05-02; ; ; ;4,36654;0;0;
2001-05-03; ; ; ;4,48989;0;0;
2001-05-04; ; ; ;4,48989;0;0;
2001-05-07; ; ; ;4,39121;0;0;
2001-05-08; ; ; ;4,44055;0;0;
2001-05-09; ; ; ;4,51456;0;0;
2001-05-10; ; ; ;4,5639;0;0;
2001-05-11; ; ; ;4,63791;0;0;
2001-05-14; ; ; ;4,68725;0;0;
2001-05-15; ; ; ;4,5639;0;0;
2001-05-16; ; ; ;4,44055;0;0;
2001-05-17; ; ; ;4,41588;0;0;
2001-05-18; ; ; ;4,41588;0;0;
2001-05-21; ; ; ;4,44055;0;0;
2001-05-22; ; ; ;4,44055;0;0;
2001-05-23; ; ; ;4,31721;0;0;
2001-05-24; ; ; ;4,39121;0;0;
2001-05-25; ; ; ;4,39121;0;0;
2001-05-28; ; ; ;4,39121;0;0;
2001-05-29; ; ; ;4,39121;0;0;
2001-05-30; ; ; ;4,36654;0;0;
2001-05-31; ; ; ;4,5639;0;0;
2001-06-01; ; ; ;4,53923;0;0;
2001-06-04; ; ; ;4,53923;0;0;
2001-06-05; ; ; ;4,53923;0;0;
2001-06-06; ; ; ;4,61324;0;0;
2001-06-07; ; ; ;4,5639;0;0;
2001-06-08; ; ; ;4,34187;0;0;
2001-06-11; ; ; ;4,44055;0;0;
2001-06-12; ; ; ;4,31721;0;0;
2001-06-13; ; ; ;4,26787;0;0;
2001-06-14; ; ; ;4,31721;0;0;
2001-06-15; ; ; ;4,39121;0;0;
2001-06-18; ; ; ;4,44055;0;0;
2001-06-19; ; ; ;4,61324;0;0;
2001-06-20; ; ; ;4,58857;0;0;
2001-06-21; ; ; ;4,61324;0;0;
2001-06-22; ; ; ;4,58857;0;0;
2001-06-25; ; ; ;4,61324;0;0;
2001-06-26; ; ; ;4,44055;0;0;
2001-06-27; ; ; ;4,58857;0;0;
2001-06-28; ; ; ;4,8106;0;0;
2001-06-29; ; ; ;4,93395;0;0;
2001-07-02; ; ; ;5,0573;0;0;
2001-07-03; ; ; ;4,85994;0;0;
2001-07-04; ; ; ;4,73659;0;0;
2001-07-05; ; ; ;4,76126;0;0;
2001-07-06; ; ; ;4,93395;0;0;
2001-07-09; ; ; ;4,68725;0;0;
2001-07-10; ; ; ;4,76126;0;0;
2001-07-11; ; ; ;4,61324;0;0;
2001-07-12; ; ; ;4,68725;0;0;
2001-07-13; ; ; ;4,83527;0;0;
2001-07-16; ; ; ;4,76126;0;0;
2001-07-17; ; ; ;4,31721;0;0;
2001-07-18; ; ; ;4,11985;0;0;
2001-07-19; ; ; ;4,11985;0;0;
2001-07-20; ; ; ;4,39121;0;0;
2001-07-23; ; ; ;4,19386;0;0;
2001-07-24; ; ; ;4,11985;0;0;
2001-07-25; ; ; ;4,09518;0;0;
2001-07-26; ; ; ;4,14452;0;0;
2001-07-27; ; ; ;4,21853;0;0;
2001-07-30; ; ; ;4,19386;0;0;
2001-07-31; ; ; ;4,2432;0;0;
2001-08-01; ; ; ;4,44055;0;0;
2001-08-02; ; ; ;4,46522;0;0;
2001-08-03; ; ; ;4,53923;0;0;
2001-08-06; ; ; ;4,44055;0;0;
2001-08-07; ; ; ;4,44055;0;0;
2001-08-08; ; ; ;4,48989;0;0;
2001-08-09; ; ; ;4,36654;0;0;
2001-08-10; ; ; ;4,29254;0;0;
2001-08-13; ; ; ;4,2432;0;0;
2001-08-14; ; ; ;4,2432;0;0;
2001-08-15; ; ; ;4,14452;0;0;
2001-08-16; ; ; ;4,11985;0;0;
2001-08-17; ; ; ;4,09518;0;0;
2001-08-20; ; ; ;4,07051;0;0;
2001-08-21; ; ; ;3,94716;0;0;
2001-08-22; ; ; ;4,02117;0;0;
2001-08-23; ; ; ;4,04584;0;0;
2001-08-24; ; ; ;4,07051;0;0;
2001-08-27; ; ; ;4,09518;0;0;
2001-08-28; ; ; ;4,02117;0;0;
2001-08-29; ; ; ;4,02117;0;0;
2001-08-30; ; ; ;4,02117;0;0;
2001-08-31; ; ; ;4,02117;0;0;
2001-09-03; ; ; ;4,21853;0;0;
2001-09-04; ; ; ;4,19386;0;0;
2001-09-05; ; ; ;4,02117;0;0;
2001-09-06; ; ; ;3,97183;0;0;
2001-09-07; ; ; ;4,07051;0;0;
2001-09-10; ; ; ;4,07051;0;0;
2001-09-11; ; ; ;3,9965;0;0;
2001-09-12; ; ; ;3,82381;0;0;
2001-09-13; ; ; ;3,70046;0;0;
2001-09-14; ; ; ;3,77447;0;0;
2001-09-17; ; ; ;3,65112;0;0;
2001-09-18; ; ; ;3,52777;0;0;
2001-09-19; ; ; ;3,65112;0;0;
2001-09-20; ; ; ;3,63632;0;0;
2001-09-21; ; ; ;3,65112;0;0;
2001-09-24; ; ; ;3,5031;0;0;
2001-09-25; ; ; ;3,37975;0;0;
2001-09-26; ; ; ;3,25641;0;0;
2001-09-27; ; ; ;3,25641;0;0;
2001-09-28; ; ; ;3,15773;0;0;
2001-10-01; ; ; ;3,30575;0;0;
2001-10-02; ; ; ;3,37975;0;0;
2001-10-03; ; ; ;3,40442;0;0;
2001-10-04; ; ; ;3,47843;0;0;
2001-10-05; ; ; ;3,40442;0;0;
2001-10-08; ; ; ;3,55244;0;0;
2001-10-09; ; ; ;3,57711;0;0;
2001-10-10; ; ; ;3,60178;0;0;
2001-10-11; ; ; ;3,65112;0;0;
2001-10-12; ; ; ;3,77447;0;0;
2001-10-15; ; ; ;3,72513;0;0;
2001-10-16; ; ; ;3,70046;0;0;
2001-10-17; ; ; ;3,7498;0;0;
2001-10-18; ; ; ;3,77447;0;0;
2001-10-19; ; ; ;3,82381;0;0;
2001-10-22; ; ; ;3,7498;0;0;
2001-10-23; ; ; ;3,94716;0;0;
2001-10-24; ; ; ;3,87315;0;0;
2001-10-25; ; ; ;3,82381;0;0;
2001-10-26; ; ; ;3,79914;0;0;
2001-10-29; ; ; ;3,79914;0;0;
2001-10-30; ; ; ;3,7498;0;0;
2001-10-31; ; ; ;3,60178;0;0;
2001-11-01; ; ; ;3,72513;0;0;
2001-11-02; ; ; ;3,77447;0;0;
2001-11-05; ; ; ;3,70046;0;0;
2001-11-06; ; ; ;3,79914;0;0;
2001-11-07; ; ; ;3,77447;0;0;
2001-11-08; ; ; ;3,84848;0;0;
2001-11-09; ; ; ;3,82381;0;0;
2001-11-12; ; ; ;3,7498;0;0;
2001-11-13; ; ; ;3,7498;0;0;
2001-11-14; ; ; ;3,89782;0;0;
2001-11-15; ; ; ;3,82381;0;0;
2001-11-16; ; ; ;3,89782;0;0;
2001-11-19; ; ; ;3,87315;0;0;
2001-11-20; ; ; ;3,9965;0;0;
2001-11-21; ; ; ;3,94716;0;0;
2001-11-22; ; ; ;3,87315;0;0;
2001-11-23; ; ; ;3,87315;0;0;
2001-11-26; ; ; ;3,94716;0;0;
2001-11-27; ; ; ;3,94716;0;0;
2001-11-28; ; ; ;4,07051;0;0;
2001-11-29; ; ; ;4,19386;0;0;
2001-11-30; ; ; ;4,19386;0;0;
2001-12-03; ; ; ;4,19386;0;0;
2001-12-04; ; ; ;4,19386;0;0;
2001-12-05; ; ; ;4,31721;0;0;
2001-12-06; ; ; ;4,39121;0;0;
2001-12-07; ; ; ;4,34187;0;0;
2001-12-10; ; ; ;4,41588;0;0;
2001-12-11; ; ; ;4,26787;0;0;
2001-12-12; ; ; ;4,14452;0;0;
2001-12-13; ; ; ;4,2432;0;0;
2001-12-14; ; ; ;4,31721;0;0;
2001-12-17; ; ; ;4,21853;0;0;
2001-12-18; ; ; ;4,19386;0;0;
2001-12-19; ; ; ;4,31721;0;0;
2001-12-20; ; ; ;4,31721;0;0;
2001-12-21; ; ; ;4,31721;0;0;
2001-12-24; ; ; ;4,31721;0;0;
2001-12-25; ; ; ;4,31721;0;0;
2001-12-26; ; ; ;4,31721;0;0;
2001-12-27; ; ; ;4,34187;0;0;
2001-12-28; ; ; ;4,36654;0;0;
2001-12-31; ; ; ;4,36654;0;0;
2002-01-01; ; ; ;4,36654;0;0;
2002-01-02; ; ; ;4,44055;0;0;
2002-01-03; ; ; ;4,44055;0;0;
2002-01-04; ; ; ;4,5639;0;0;
2002-01-07; ; ; ;4,5639;0;0;
2002-01-08; ; ; ;4,57624;0;0;
2002-01-09; ; ; ;4,57624;0;0;
2002-01-10; ; ; ;4,57624;0;0;
2002-01-11; ; ; ;4,57624;0;0;
2002-01-14; ; ; ;4,5639;0;0;
2002-01-15; ; ; ;4,5639;0;0;
2002-01-16; ; ; ;4,5639;0;0;
2002-01-17; ; ; ;4,5639;0;0;
2002-01-18; ; ; ;4,5639;0;0;
2002-01-21; ; ; ;4,5639;0;0;
2002-01-22; ; ; ;4,5639;0;0;
2002-01-23; ; ; ;4,8106;0;0;
2002-01-24; ; ; ;5,08197;0;0;
2002-01-25; ; ; ;4,98329;0;0;
2002-01-28; ; ; ;5,00796;0;0;
2002-01-29; ; ; ;5,0573;0;0;
2002-01-30; ; ; ;5,0573;0;0;
2002-01-31; ; ; ;5,0573;0;0;
2002-02-01; ; ; ;5,10664;0;0;
2002-02-04; ; ; ;5,10664;0;0;
2002-02-05; ; ; ;5,18065;0;0;
2002-02-06; ; ; ;5,18065;0;0;
2002-02-07; ; ; ;5,42734;0;0;
2002-02-08; ; ; ;5,25466;0;0;
2002-02-11; ; ; ;5,25466;0;0;
2002-02-12; ; ; ;5,08197;0;0;
2002-02-13; ; ; ;5,13131;0;0;
2002-02-14; ; ; ;5,30399;0;0;
2002-02-15; ; ; ;5,30399;0;0;
2002-02-18; ; ; ;5,378;0;0;
2002-02-19; ; ; ;5,35333;0;0;
2002-02-20; ; ; ;5,18065;0;0;
2002-02-21; ; ; ;5,18065;0;0;
2002-02-22; ; ; ;5,18065;0;0;
2002-02-25; ; ; ;5,30399;0;0;
2002-02-26; ; ; ;5,35333;0;0;
2002-02-27; ; ; ;5,35333;0;0;
2002-02-28; ; ; ;5,35333;0;0;
2002-03-01; ; ; ;5,35333;0;0;
2002-03-04; ; ; ;5,40267;0;0;
2002-03-05; ; ; ;5,22999;0;0;
2002-03-06; ; ; ;5,18065;0;0;
2002-03-07; ; ; ;5,25466;0;0;
2002-03-08; ; ; ;5,18065;0;0;
2002-03-11; ; ; ;5,18065;0;0;
2002-03-12; ; ; ;5,20532;0;0;
2002-03-13; ; ; ;5,08197;0;0;
2002-03-14; ; ; ;5,08197;0;0;
2002-03-15; ; ; ;5,13131;0;0;
2002-03-18; ; ; ;5,10664;0;0;
2002-03-19; ; ; ;5,13131;0;0;
2002-03-20; ; ; ;5,25466;0;0;
2002-03-21; ; ; ;5,13131;0;0;
2002-03-22; ; ; ;5,0573;0;0;
2002-03-25; ; ; ;5,13131;0;0;
2002-03-26; ; ; ;5,18065;0;0;
2002-03-27; ; ; ;5,18065;0;0;
2002-03-28; ; ; ;5,18065;0;0;
2002-03-29; ; ; ;5,18065;0;0;
2002-04-01; ; ; ;5,18065;0;0;
2002-04-02; ; ; ;5,18065;0;0;
2002-04-03; ; ; ;5,18065;0;0;
2002-04-04; ; ; ;5,30399;0;0;
2002-04-05; ; ; ;5,18065;0;0;
2002-04-08; ; ; ;5,18065;0;0;
2002-04-09; ; ; ;5,10664;0;0;
2002-04-10; ; ; ;5,08197;0;0;
2002-04-11; ; ; ;5,0573;0;0;
2002-04-12; ; ; ;5,0573;0;0;
2002-04-15; ; ; ;5,00796;0;0;
2002-04-16; ; ; ;4,93395;0;0;
2002-04-17; ; ; ;4,68725;0;0;
2002-04-18; ; ; ;5,00796;0;0;
2002-04-19; ; ; ;4,98329;0;0;
2002-04-22; ; ; ;4,98329;0;0;
2002-04-23; ; ; ;4,95862;0;0;
2002-04-24; ; ; ;5,08197;0;0;
2002-04-25; ; ; ;5,0943;0;0;
2002-04-26; ; ; ;5,03263;0;0;
2002-04-29; ; ; ;5,10664;0;0;
2002-04-30; ; ; ;5,0573;0;0;
2002-05-01; ; ; ;5,0573;0;0;
2002-05-02; ; ; ;5,0573;0;0;
2002-05-03; ; ; ;5,08197;0;0;
2002-05-06; ; ; ;5,00796;0;0;
2002-05-07; ; ; ;4,93395;0;0;
2002-05-08; ; ; ;4,88461;0;0;
2002-05-09; ; ; ;5,00796;0;0;
2002-05-10; ; ; ;5,00796;0;0;
2002-05-13; ; ; ;4,85994;0;0;
2002-05-14; ; ; ;4,93395;0;0;
2002-05-15; ; ; ;5,00796;0;0;
2002-05-16; ; ; ;5,00796;0;0;
2002-05-17; ; ; ;4,93395;0;0;
2002-05-20; ; ; ;4,93395;0;0;
2002-05-21; ; ; ;4,93395;0;0;
2002-05-22; ; ; ;5,00796;0;0;
2002-05-23; ; ; ;5,0573;0;0;
2002-05-24; ; ; ;5,00796;0;0;
2002-05-27; ; ; ;5,03263;0;0;
2002-05-28; ; ; ;5,0573;0;0;
2002-05-29; ; ; ;5,00796;0;0;
2002-05-30; ; ; ;5,00796;0;0;
2002-05-31; ; ; ;4,85994;0;0;
2002-06-03; ; ; ;4,93395;0;0;
2002-06-04; ; ; ;5,0573;0;0;
2002-06-05; ; ; ;4,95862;0;0;
2002-06-06; ; ; ;4,98329;0;0;
2002-06-07; ; ; ;4,73659;0;0;
2002-06-10; ; ; ;4,68725;0;0;
2002-06-11; ; ; ;4,90928;0;0;
2002-06-12; ; ; ;4,83527;0;0;
2002-06-13; ; ; ;4,83527;0;0;
2002-06-14; ; ; ;4,85994;0;0;
2002-06-17; ; ; ;4,85994;0;0;
2002-06-18; ; ; ;4,85994;0;0;
2002-06-19; ; ; ;4,85994;0;0;
2002-06-20; ; ; ;4,85994;0;0;
2002-06-21; ; ; ;4,68725;0;0;
2002-06-24; ; ; ;4,68725;0;0;
2002-06-25; ; ; ;4,51456;0;0;
2002-06-26; ; ; ;4,53923;0;0;
2002-06-27; ; ; ;4,48989;0;0;
2002-06-28; ; ; ;4,58857;0;0;
2002-07-01; ; ; ;4,78593;0;0;
2002-07-02; ; ; ;4,68725;0;0;
2002-07-03; ; ; ;4,68725;0;0;
2002-07-04; ; ; ;4,73659;0;0;
2002-07-05; ; ; ;4,68725;0;0;
2002-07-08; ; ; ;4,68725;0;0;
2002-07-09; ; ; ;4,71192;0;0;
2002-07-10; ; ; ;4,61324;0;0;
2002-07-11; ; ; ;4,34187;0;0;
2002-07-12; ; ; ;4,2802;0;0;
2002-07-15; ; ; ;4,46522;0;0;
2002-07-16; ; ; ;4,39121;0;0;
2002-07-17; ; ; ;4,29254;0;0;
2002-07-18; ; ; ;4,21853;0;0;
2002-07-19; ; ; ;4,19386;0;0;
2002-07-22; ; ; ;4,19386;0;0;
2002-07-23; ; ; ;4,02117;0;0;
2002-07-24; ; ; ;3,84848;0;0;
2002-07-25; ; ; ;3,70046;0;0;
2002-07-26; ; ; ;3,70046;0;0;
2002-07-29; ; ; ;4,19386;0;0;
2002-07-30; ; ; ;4,2432;0;0;
2002-07-31; ; ; ;4,44055;0;0;
2002-08-01; ; ; ;4,5639;0;0;
2002-08-02; ; ; ;4,5639;0;0;
2002-08-05; ; ; ;4,44055;0;0;
2002-08-06; ; ; ;4,39121;0;0;
2002-08-07; ; ; ;4,44055;0;0;
2002-08-08; ; ; ;4,44055;0;0;
2002-08-09; ; ; ;4,31721;0;0;
2002-08-12; ; ; ;4,36654;0;0;
2002-08-13; ; ; ;4,44055;0;0;
2002-08-14; ; ; ;4,5269;0;0;
2002-08-15; ; ; ;4,48989;0;0;
2002-08-16; ; ; ;4,63791;0;0;
2002-08-19; ; ; ;4,63791;0;0;
2002-08-20; ; ; ;4,5639;0;0;
2002-08-21; ; ; ;4,58857;0;0;
2002-08-22; ; ; ;4,73659;0;0;
2002-08-23; ; ; ;4,73659;0;0;
2002-08-26; ; ; ;4,66258;0;0;
2002-08-27; ; ; ;4,68725;0;0;
2002-08-28; ; ; ;4,71192;0;0;
2002-08-29; ; ; ;4,72426;0;0;
2002-08-30; ; ; ;4,61324;0;0;
2002-09-02; ; ; ;4,63791;0;0;
2002-09-03; ; ; ;4,58857;0;0;
2002-09-04; ; ; ;4,5269;0;0;
2002-09-05; ; ; ;4,44055;0;0;
2002-09-06; ; ; ;4,44055;0;0;
2002-09-09; ; ; ;4,58857;0;0;
2002-09-10; ; ; ;4,66258;0;0;
2002-09-11; ; ; ;4,68725;0;0;
2002-09-12; ; ; ;4,71192;0;0;
2002-09-13; ; ; ;4,66258;0;0;
2002-09-16; ; ; ;4,63791;0;0;
2002-09-17; ; ; ;4,66258;0;0;
2002-09-18; ; ; ;4,78593;0;0;
2002-09-19; ; ; ;4,62558;0;0;
2002-09-20; ; ; ;4,65025;0;0;
2002-09-23; ; ; ;4,66258;0;0;
2002-09-24; ; ; ;4,41588;0;0;
2002-09-25; ; ; ;4,21853;0;0;
2002-09-26; ; ; ;4,16919;0;0;
2002-09-27; ; ; ;4,16919;0;0;
2002-09-30; ; ; ;4,14452;0;0;
2002-10-01; ; ; ;3,92249;0;0;
2002-10-02; ; ; ;3,97183;0;0;
2002-10-03; ; ; ;4,13218;0;0;
2002-10-04; ; ; ;4,04584;0;0;
2002-10-07; ; ; ;4,11985;0;0;
2002-10-08; ; ; ;4,25553;0;0;
2002-10-09; ; ; ;4,21853;0;0;
2002-10-10; ; ; ;4,19386;0;0;
2002-10-11; ; ; ;4,09518;0;0;
2002-10-14; ; ; ;4,11985;0;0;
2002-10-15; ; ; ;4,07051;0;0;
2002-10-16; ; ; ;4,14452;0;0;
2002-10-17; ; ; ;4,16919;0;0;
2002-10-18; ; ; ;4,46522;0;0;
2002-10-21; ; ; ;4,40355;0;0;
2002-10-22; ; ; ;4,47756;0;0;
2002-10-23; ; ; ;4,50223;0;0;
2002-10-24; ; ; ;4,48989;0;0;
2002-10-25; ; ; ;4,44055;0;0;
2002-10-28; ; ; ;4,39121;0;0;
2002-10-29; ; ; ;4,48989;0;0;
2002-10-30; ; ; ;4,36654;0;0;
2002-10-31; ; ; ;4,45289;0;0;
2002-11-01; ; ; ;4,68725;0;0;
2002-11-04; ; ; ;4,68725;0;0;
2002-11-05; ; ; ;4,83527;0;0;
2002-11-06; ; ; ;4,63791;0;0;
2002-11-07; ; ; ;4,74893;0;0;
2002-11-08; ; ; ;4,8106;0;0;
2002-11-11; ; ; ;4,78593;0;0;
2002-11-12; ; ; ;4,65025;0;0;
2002-11-13; ; ; ;4,83527;0;0;
2002-11-14; ; ; ;4,95862;0;0;
2002-11-15; ; ; ;5,02029;0;0;
2002-11-18; ; ; ;4,90928;0;0;
2002-11-19; ; ; ;4,87227;0;0;
2002-11-20; ; ; ;4,87227;0;0;
2002-11-21; ; ; ;4,88461;0;0;
2002-11-22; ; ; ;4,8106;0;0;
2002-11-25; ; ; ;4,71192;0;0;
2002-11-26; ; ; ;4,71192;0;0;
2002-11-27; ; ; ;4,61324;0;0;
2002-11-28; ; ; ;4,63791;0;0;
2002-11-29; ; ; ;4,78593;0;0;
2002-12-02; ; ; ;4,8106;0;0;
2002-12-03; ; ; ;4,83527;0;0;
2002-12-04; ; ; ;4,68725;0;0;
2002-12-05; ; ; ;4,68725;0;0;
2002-12-06; ; ; ;4,68725;0;0;
2002-12-09; ; ; ;4,68725;0;0;
2002-12-10; ; ; ;4,41588;0;0;
2002-12-11; ; ; ;4,5639;0;0;
2002-12-12; ; ; ;4,61324;0;0;
2002-12-13; ; ; ;4,44055;0;0;
2002-12-16; ; ; ;4,46522;0;0;
2002-12-17; ; ; ;4,44055;0;0;
2002-12-18; ; ; ;4,41588;0;0;
2002-12-19; ; ; ;4,58857;0;0;
2002-12-20; ; ; ;4,8106;0;0;
2002-12-23; ; ; ;4,95862;0;0;
2002-12-24; ; ; ;4,95862;0;0;
2002-12-25; ; ; ;4,95862;0;0;
2002-12-26; ; ; ;4,95862;0;0;
2002-12-27; ; ; ;4,8106;0;0;
2002-12-30; ; ; ;4,68725;0;0;
2002-12-31; ; ; ;4,68725;0;0;
2003-01-01; ; ; ;4,68725;0;0;
2003-01-02; ; ; ;4,74893;0;0;
2003-01-03; ; ; ;4,73659;0;0;
2003-01-06; ; ; ;4,88461;0;0;
2003-01-07; ; ; ;4,90928;0;0;
2003-01-08; ; ; ;4,90928;0;0;
2003-01-09; ; ; ;4,83527;0;0;
2003-01-10; ; ; ;4,83527;0;0;
2003-01-13; ; ; ;4,82293;0;0;
2003-01-14; ; ; ;4,88461;0;0;
2003-01-15; ; ; ;4,82293;0;0;
2003-01-16; ; ; ;4,82293;0;0;
2003-01-17; ; ; ;4,82293;0;0;
2003-01-20; ; ; ;4,73659;0;0;
2003-01-21; ; ; ;4,71192;0;0;
2003-01-22; ; ; ;4,68725;0;0;
2003-01-23; ; ; ;4,58857;0;0;
2003-01-24; ; ; ;4,58857;0;0;
2003-01-27; ; ; ;4,5639;0;0;
2003-01-28; ; ; ;4,55157;0;0;
2003-01-29; ; ; ;4,46522;0;0;
2003-01-30; ; ; ;4,46522;0;0;
2003-01-31; ; ; ;4,53923;0;0;
2003-02-03; ; ; ;4,44055;0;0;
2003-02-04; ; ; ;4,51456;0;0;
2003-02-05; ; ; ;4,39121;0;0;
2003-02-06; ; ; ;4,2432;0;0;
2003-02-07; ; ; ;4,19386;0;0;
2003-02-10; ; ; ;4,19386;0;0;
2003-02-11; ; ; ;4,10751;0;0;
2003-02-12; ; ; ;4,14452;0;0;
2003-02-13; ; ; ;4,15685;0;0;
2003-02-14; ; ; ;4,08284;0;0;
2003-02-17; ; ; ;4,08284;0;0;
2003-02-18; ; ; ;4,11985;0;0;
2003-02-19; ; ; ;4,15685;0;0;
2003-02-20; ; ; ;4,36654;0;0;
2003-02-21; ; ; ;4,37888;0;0;
2003-02-24; ; ; ;4,35421;0;0;
2003-02-25; ; ; ;4,41588;0;0;
2003-02-26; ; ; ;4,26787;0;0;
2003-02-27; ; ; ;4,2432;0;0;
2003-02-28; ; ; ;4,15685;0;0;
2003-03-03; ; ; ;4,19386;0;0;
2003-03-04; ; ; ;4,19386;0;0;
2003-03-05; ; ; ;4,16919;0;0;
2003-03-06; ; ; ;4,21853;0;0;
2003-03-07; ; ; ;4,2432;0;0;
2003-03-10; ; ; ;4,04584;0;0;
2003-03-11; ; ; ;4,10751;0;0;
2003-03-12; ; ; ;4,04584;0;0;
2003-03-13; ; ; ;4,07051;0;0;
2003-03-14; ; ; ;4,14452;0;0;
2003-03-17; ; ; ;4,34187;0;0;
2003-03-18; ; ; ;4,34187;0;0;
2003-03-19; ; ; ;4,31721;0;0;
2003-03-20; ; ; ;4,41588;0;0;
2003-03-21; ; ; ;4,39121;0;0;
2003-03-24; ; ; ;4,5269;0;0;
2003-03-25; ; ; ;4,44055;0;0;
2003-03-26; ; ; ;4,36654;0;0;
2003-03-27; ; ; ;4,2432;0;0;
2003-03-28; ; ; ;4,16919;0;0;
2003-03-31; ; ; ;4,13218;0;0;
2003-04-01; ; ; ;4,05817;0;0;
2003-04-02; ; ; ;4,19386;0;0;
2003-04-03; ; ; ;4,31721;0;0;
2003-04-04; ; ; ;4,14452;0;0;
2003-04-07; ; ; ;4,19386;0;0;
2003-04-08; ; ; ;4,21853;0;0;
2003-04-09; ; ; ;4,34187;0;0;
2003-04-10; ; ; ;4,44055;0;0;
2003-04-11; ; ; ;4,44055;0;0;
2003-04-14; ; ; ;4,48989;0;0;
2003-04-15; ; ; ;4,53923;0;0;
2003-04-16; ; ; ;4,57624;0;0;
2003-04-17; ; ; ;4,63791;0;0;
2003-04-18; ; ; ;4,63791;0;0;
2003-04-21; ; ; ;4,63791;0;0;
2003-04-22; ; ; ;4,71192;0;0;
2003-04-23; ; ; ;4,61324;0;0;
2003-04-24; ; ; ;4,68725;0;0;
2003-04-25; ; ; ;4,8476;0;0;
2003-04-28; ; ; ;4,78593;0;0;
2003-04-29; ; ; ;4,78593;0;0;
2003-04-30; ; ; ;4,88461;0;0;
2003-05-01; ; ; ;4,88461;0;0;
2003-05-02; ; ; ;4,93395;0;0;
2003-05-05; ; ; ;4,99562;0;0;
2003-05-06; ; ; ;5,22999;0;0;
2003-05-07; ; ; ;5,13131;0;0;
2003-05-08; ; ; ;5,00796;0;0;
2003-05-09; ; ; ;4,98329;0;0;
2003-05-12; ; ; ;4,87721;0;0;
2003-05-13; ; ; ;4,94628;0;0;
2003-05-14; ; ; ;5,02276;0;0;
2003-05-15; ; ; ;4,99562;0;0;
2003-05-16; ; ; ;5,01289;0;0;
2003-05-19; ; ; ;5,14364;0;0;
2003-05-20; ; ; ;5,05976;0;0;
2003-05-21; ; ; ;5,0721;0;0;
2003-05-22; ; ; ;5,01783;0;0;
2003-05-23; ; ; ;5,18065;0;0;
2003-05-26; ; ; ;5,16584;0;0;
2003-05-27; ; ; ;5,13871;0;0;
2003-05-28; ; ; ;5,19051;0;0;
2003-05-29; ; ; ;5,3114;0;0;
2003-05-30; ; ; ;5,3114;0;0;
2003-06-02; ; ; ;5,35827;0;0;
2003-06-03; ; ; ;5,35827;0;0;
2003-06-04; ; ; ;5,32126;0;0;
2003-06-05; ; ; ;5,35087;0;0;
2003-06-06; ; ; ;5,41254;0;0;
2003-06-09; ; ; ;5,46928;0;0;
2003-06-10; ; ; ;5,46435;0;0;
2003-06-11; ; ; ;5,33113;0;0;
2003-06-12; ; ; ;5,42488;0;0;
2003-06-13; ; ; ;5,76532;0;0;
2003-06-16; ; ; ;5,55809;0;0;
2003-06-17; ; ; ;5,63704;0;0;
2003-06-18; ; ; ;5,55069;0;0;
2003-06-19; ; ; ;5,6395;0;0;
2003-06-20; ; ; ;5,53096;0;0;
2003-06-23; ; ; ;5,53096;0;0;
2003-06-24; ; ; ;5,45201;0;0;
2003-06-25; ; ; ;5,38294;0;0;
2003-06-26; ; ; ;5,48162;0;0;
2003-06-27; ; ; ;5,52849;0;0;
2003-06-30; ; ; ;5,61483;0;0;
2003-07-01; ; ; ;5,6469;0;0;
2003-07-02; ; ; ;5,64444;0;0;
2003-07-03; ; ; ;5,66664;0;0;
2003-07-04; ; ; ;5,70611;0;0;
2003-07-07; ; ; ;5,58276;0;0;
2003-07-08; ; ; ;5,75545;0;0;
2003-07-09; ; ; ;5,94541;0;0;
2003-07-10; ; ; ;6,06629;0;0;
2003-07-11; ; ; ;5,95528;0;0;
2003-07-14; ; ; ;6,16744;0;0;
2003-07-15; ; ; ;6,19704;0;0;
2003-07-16; ; ; ;6,50788;0;0;
2003-07-17; ; ; ;6,34753;0;0;
2003-07-18; ; ; ;6,22171;0;0;
2003-07-21; ; ; ;5,93801;0;0;
2003-07-22; ; ; ;6,04902;0;0;
2003-07-23; ; ; ;6,13537;0;0;
2003-07-24; ; ; ;6,09096;0;0;
2003-07-25; ; ; ;6,05642;0;0;
2003-07-28; ; ; ;6,04655;0;0;
2003-07-29; ; ; ;6,06136;0;0;
2003-07-30; ; ; ;6,03915;0;0;
2003-07-31; ; ; ;6,1255;0;0;
2003-08-01; ; ; ;6,1477;0;0;
2003-08-04; ; ; ;6,1625;0;0;
2003-08-05; ; ; ;6,02929;0;0;
2003-08-06; ; ; ;6,02682;0;0;
2003-08-07; ; ; ;6,02682;0;0;
2003-08-08; ; ; ;5,9084;0;0;
2003-08-11; ; ; ;6,06876;0;0;
2003-08-12; ; ; ;5,99475;0;0;
2003-08-13; ; ; ;6,00708;0;0;
2003-08-14; ; ; ;6,19951;0;0;
2003-08-15; ; ; ;6,59669;0;0;
2003-08-18; ; ; ;6,88286;0;0;
2003-08-19; ; ; ;6,73237;0;0;
2003-08-20; ; ; ;6,72251;0;0;
2003-08-21; ; ; ;6,74718;0;0;
2003-08-22; ; ; ;6,84339;0;0;
2003-08-25; ; ; ;6,85819;0;0;
2003-08-26; ; ; ;6,81872;0;0;
2003-08-27; ; ; ;6,79158;0;0;
2003-08-28; ; ; ;6,85819;0;0;
2003-08-29; ; ; ;6,9322;0;0;
2003-09-01; ; ; ;7,00374;0;0;
2003-09-02; ; ; ;6,91246;0;0;
2003-09-03; ; ; ;6,88286;0;0;
2003-09-04; ; ; ;7,28498;0;0;
2003-09-05; ; ; ;7,41079;0;0;
2003-09-08; ; ; ;7,42806;0;0;
2003-09-09; ; ; ;7,45026;0;0;
2003-09-10; ; ; ;7,41079;0;0;
2003-09-11; ; ; ;7,51687;0;0;
2003-09-12; ; ; ;7,40586;0;0;
2003-09-15; ; ; ;7,23564;0;0;
2003-09-16; ; ; ;7,36392;0;0;
2003-09-17; ; ; ;7,49714;0;0;
2003-09-18; ; ; ;7,5144;0;0;
2003-09-19; ; ; ;7,38119;0;0;
2003-09-22; ; ; ;7,33925;0;0;
2003-09-23; ; ; ;7,32938;0;0;
2003-09-24; ; ; ;7,2307;0;0;
2003-09-25; ; ; ;6,984;0;0;
2003-09-26; ; ; ;7,04815;0;0;
2003-09-29; ; ; ;7,01114;0;0;
2003-09-30; ; ; ;7,08762;0;0;
2003-10-01; ; ; ;6,9766;0;0;
2003-10-02; ; ; ;7,2307;0;0;
2003-10-03; ; ; ;7,49714;0;0;
2003-10-06; ; ; ;7,52427;0;0;
2003-10-07; ; ; ;7,47247;0;0;
2003-10-08; ; ; ;7,51934;0;0;
2003-10-09; ; ; ;7,58348;0;0;
2003-10-10; ; ; ;7,54647;0;0;
2003-10-13; ; ; ;7,78577;0;0;
2003-10-14; ; ; ;7,66736;0;0;
2003-10-15; ; ; ;7,64762;0;0;
2003-10-16; ; ; ;7,68463;0;0;
2003-10-17; ; ; ;7,96833;0;0;
2003-10-20; ; ; ;7,92639;0;0;
2003-10-21; ; ; ;8,09661;0;0;
2003-10-22; ; ; ;8,00286;0;0;
2003-10-23; ; ; ;7,66242;0;0;
2003-10-24; ; ; ;7,78084;0;0;
2003-10-27; ; ; ;7,7167;0;0;
2003-10-28; ; ; ;7,81784;0;0;
2003-10-29; ; ; ;7,78824;0;0;
2003-10-30; ; ; ;7,90912;0;0;
2003-10-31; ; ; ;7,82524;0;0;
2003-11-03; ; ; ;7,73396;0;0;
2003-11-04; ; ; ;8,03494;0;0;
2003-11-05; ; ; ;7,89432;0;0;
2003-11-06; ; ; ;8,09661;0;0;
2003-11-07; ; ; ;8,09661;0;0;
2003-11-10; ; ; ;8,18542;0;0;
2003-11-11; ; ; ;8,19776;0;0;
2003-11-12; ; ; ;8,15582;0;0;
2003-11-13; ; ; ;8,01767;0;0;
2003-11-14; ; ; ;7,92392;0;0;
2003-11-17; ; ; ;7,89432;0;0;
2003-11-18; ; ; ;7,82278;0;0;
2003-11-19; ; ; ;7,64515;0;0;
2003-11-20; ; ; ;7,65009;0;0;
2003-11-21; ; ; ;7,57114;0;0;
2003-11-24; ; ; ;7,55141;0;0;
2003-11-25; ; ; ;7,54894;0;0;
2003-11-26; ; ; ;7,7759;0;0;
2003-11-27; ; ; ;7,88445;0;0;
2003-11-28; ; ; ;7,58841;0;0;
2003-12-01; ; ; ;7,86471;0;0;
2003-12-02; ; ; ;7,89432;0;0;
2003-12-03; ; ; ;7,59828;0;0;
2003-12-04; ; ; ;7,68709;0;0;
2003-12-05; ; ; ;7,23317;0;0;
2003-12-08; ; ; ;7,36145;0;0;
2003-12-09; ; ; ;7,2529;0;0;
2003-12-10; ; ; ;7,33185;0;0;
2003-12-11; ; ; ;7,32198;0;0;
2003-12-12; ; ; ;7,33185;0;0;
2003-12-15; ; ; ;7,31211;0;0;
2003-12-16; ; ; ;7,12462;0;0;
2003-12-17; ; ; ;7,28251;0;0;
2003-12-18; ; ; ;7,46013;0;0;
2003-12-19; ; ; ;7,56868;0;0;
2003-12-22; ; ; ;7,33185;0;0;
2003-12-23; ; ; ;7,46013;0;0;
2003-12-24; ; ; ;7,46013;0;0;
2003-12-25; ; ; ;7,46013;0;0;
2003-12-26; ; ; ;7,46013;0;0;
2003-12-29; ; ; ;7,76604;0;0;
2003-12-30; ; ; ;7,46013;0;0;
2003-12-31; ; ; ;7,46013;0;0;
2004-01-01; ; ; ;7,46013;0;0;
2004-01-02; ; ; ;7,53907;0;0;
2004-01-05; ; ; ;7,40092;0;0;
2004-01-06; ; ; ;7,38119;0;0;
2004-01-07; ; ; ;7,60815;0;0;
2004-01-08; ; ; ;7,86471;0;0;
2004-01-09; ; ; ;7,64762;0;0;
2004-01-12; ; ; ;7,63775;0;0;
2004-01-13; ; ; ;7,30224;0;0;
2004-01-14; ; ; ;7,10489;0;0;
2004-01-15; ; ; ;7,21343;0;0;
2004-01-16; ; ; ;7,40092;0;0;
2004-01-19; ; ; ;7,01608;0;0;
2004-01-20; ; ; ;7,01608;0;0;
2004-01-21; ; ; ;6,93713;0;0;
2004-01-22; ; ; ;7,16409;0;0;
2004-01-23; ; ; ;7,2529;0;0;
2004-01-26; ; ; ;7,32198;0;0;
2004-01-27; ; ; ;7,41079;0;0;
2004-01-28; ; ; ;7,45026;0;0;
2004-01-29; ; ; ;7,29238;0;0;
2004-01-30; ; ; ;7,39106;0;0;
2004-02-02; ; ; ;7,52921;0;0;
2004-02-03; ; ; ;7,73643;0;0;
2004-02-04; ; ; ;7,90419;0;0;
2004-02-05; ; ; ;7,95353;0;0;
2004-02-06; ; ; ;8,07194;0;0;
2004-02-09; ; ; ;7,96339;0;0;
2004-02-10; ; ; ;7,92392;0;0;
2004-02-11; ; ; ;7,94366;0;0;
2004-02-12; ; ; ;8,11141;0;0;
2004-02-13; ; ; ;8,21009;0;0;
2004-02-16; ; ; ;8,12128;0;0;
2004-02-17; ; ; ;8,06207;0;0;
2004-02-18; ; ; ;8,09168;0;0;
2004-02-19; ; ; ;8,13115;0;0;
2004-02-20; ; ; ;8,17062;0;0;
2004-02-23; ; ; ;8,22983;0;0;
2004-02-24; ; ; ;8,21009;0;0;
2004-02-25; ; ; ;8,19036;0;0;
2004-02-26; ; ; ;8,14102;0;0;
2004-02-27; ; ; ;8,39758;0;0;
2004-03-01; ; ; ;8,76269;0;0;
2004-03-02; ; ; ;9,00939;0;0;
2004-03-03; ; ; ;8,91071;0;0;
2004-03-04; ; ; ;8,47652;0;0;
2004-03-05; ; ; ;8,40745;0;0;
2004-03-08; ; ; ;8,68375;0;0;
2004-03-09; ; ; ;8,2989;0;0;
2004-03-10; ; ; ;8,50613;0;0;
2004-03-11; ; ; ;8,21009;0;0;
2004-03-12; ; ; ;8,21996;0;0;
2004-03-15; ; ; ;8,22983;0;0;
2004-03-16; ; ; ;8,18049;0;0;
2004-03-17; ; ; ;8,44692;0;0;
2004-03-18; ; ; ;8,5456;0;0;
2004-03-19; ; ; ;8,52586;0;0;
2004-03-22; ; ; ;8,20022;0;0;
2004-03-23; ; ; ;8,20022;0;0;
2004-03-24; ; ; ;8,56534;0;0;
2004-03-25; ; ; ;8,5752;0;0;
2004-03-26; ; ; ;8,5752;0;0;
2004-03-29; ; ; ;8,47652;0;0;
2004-03-30; ; ; ;8,52586;0;0;
2004-03-31; ; ; ;8,46666;0;0;
2004-04-01; ; ; ;8,52586;0;0;
2004-04-02; ; ; ;8,55547;0;0;
2004-04-05; ; ; ;8,52586;0;0;
2004-04-06; ; ; ;8,58507;0;0;
2004-04-07; ; ; ;8,58507;0;0;
2004-04-08; ; ; ;8,94032;0;0;
2004-04-09; ; ; ;8,94032;0;0;
2004-04-12; ; ; ;8,94032;0;0;
2004-04-13; ; ; ;8,99952;0;0;
2004-04-14; ; ; ;8,96992;0;0;
2004-04-15; ; ; ;8,59494;0;0;
2004-04-16; ; ; ;8,47652;0;0;
2004-04-19; ; ; ;8,91071;0;0;
2004-04-20; ; ; ;8,8515;0;0;
2004-04-21; ; ; ;9,00939;0;0;
2004-04-22; ; ; ;8,99952;0;0;
2004-04-23; ; ; ;8,86137;0;0;
2004-04-26; ; ; ;8,97979;0;0;
2004-04-27; ; ; ;9,14754;0;0;
2004-04-28; ; ; ;8,98965;0;0;
2004-04-29; ; ; ;8,99952;0;0;
2004-04-30; ; ; ;9,12781;0;0;
2004-05-03; ; ; ;9,3449;0;0;
2004-05-04; ; ; ;9,45345;0;0;
2004-05-05; ; ; ;9,90737;0;0;
2004-05-06; ; ; ;9,55212;0;0;
2004-05-07; ; ; ;9,49292;0;0;
2004-05-10; ; ; ;9,08833;0;0;
2004-05-11; ; ; ;8,96005;0;0;
2004-05-12; ; ; ;9,01926;0;0;
2004-05-13; ; ; ;8,88111;0;0;
2004-05-14; ; ; ;8,7923;0;0;
2004-05-17; ; ; ;9,20675;0;0;
2004-05-18; ; ; ;9,17714;0;0;
2004-05-19; ; ; ;9,6212;0;0;
2004-05-20; ; ; ;9,33503;0;0;
2004-05-21; ; ; ;9,32516;0;0;
2004-05-24; ; ; ;9,07847;0;0;
2004-05-25; ; ; ;9,11794;0;0;
2004-05-26; ; ; ;9,28569;0;0;
2004-05-27; ; ; ;9,3745;0;0;
2004-05-28; ; ; ;9,54226;0;0;
2004-05-31; ; ; ;9,3449;0;0;
2004-06-01; ; ; ;9,33503;0;0;
2004-06-02; ; ; ;9,15741;0;0;
2004-06-03; ; ; ;9,32516;0;0;
2004-06-04; ; ; ;9,33503;0;0;
2004-06-07; ; ; ;9,3449;0;0;
2004-06-08; ; ; ;9,51265;0;0;
2004-06-09; ; ; ;9,53239;0;0;
2004-06-10; ; ; ;9,67054;0;0;
2004-06-11; ; ; ;9,41397;0;0;
2004-06-14; ; ; ;9,63107;0;0;
2004-06-15; ; ; ;9,60146;0;0;
2004-06-16; ; ; ;9,81856;0;0;
2004-06-17; ; ; ;10,1442;0;0;
2004-06-18; ; ; ;10,1541;0;0;
2004-06-21; ; ; ;10,0653;0;0;
2004-06-22; ; ; ;9,99618;0;0;
2004-06-23; ; ; ;9,97644;0;0;
2004-06-24; ; ; ;9,77909;0;0;
2004-06-25; ; ; ;9,80869;0;0;
2004-06-28; ; ; ;9,85803;0;0;
2004-06-29; ; ; ;9,85803;0;0;
2004-06-30; ; ; ;9,5916;0;0;
2004-07-01; ; ; ;9,60146;0;0;
2004-07-02; ; ; ;9,69028;0;0;
2004-07-05; ; ; ;9,27582;0;0;
2004-07-06; ; ; ;9,28569;0;0;
2004-07-07; ; ; ;9,11794;0;0;
2004-07-08; ; ; ;8,97979;0;0;
2004-07-09; ; ; ;8,97979;0;0;
2004-07-12; ; ; ;9,35477;0;0;
2004-07-13; ; ; ;9,36463;0;0;
2004-07-14; ; ; ;9,11794;0;0;
2004-07-15; ; ; ;9,12781;0;0;
2004-07-16; ; ; ;9,3153;0;0;
2004-07-19; ; ; ;9,25609;0;0;
2004-07-20; ; ; ;9,05873;0;0;
2004-07-21; ; ; ;8,98965;0;0;
2004-07-22; ; ; ;8,98965;0;0;
2004-07-23; ; ; ;8,94032;0;0;
2004-07-26; ; ; ;8,96005;0;0;
2004-07-27; ; ; ;8,7923;0;0;
2004-07-28; ; ; ;8,89098;0;0;
2004-07-29; ; ; ;9,00939;0;0;
2004-07-30; ; ; ;9,15741;0;0;
2004-08-02; ; ; ;9,35477;0;0;
2004-08-03; ; ; ;9,32516;0;0;
2004-08-04; ; ; ;9,42384;0;0;
2004-08-05; ; ; ;9,25609;0;0;
2004-08-06; ; ; ;9,07847;0;0;
2004-08-09; ; ; ;8,83177;0;0;
2004-08-10; ; ; ;8,88111;0;0;
2004-08-11; ; ; ;8,88111;0;0;
2004-08-12; ; ; ;8,84164;0;0;
2004-08-13; ; ; ;8,78243;0;0;
2004-08-16; ; ; ;8,71335;0;0;
2004-08-17; ; ; ;8,78243;0;0;
2004-08-18; ; ; ;8,88111;0;0;
2004-08-19; ; ; ;9,03899;0;0;
2004-08-20; ; ; ;8,92058;0;0;
2004-08-23; ; ; ;8,98965;0;0;
2004-08-24; ; ; ;9,17714;0;0;
2004-08-25; ; ; ;9,20675;0;0;
2004-08-26; ; ; ;8,99952;0;0;
2004-08-27; ; ; ;9,0686;0;0;
2004-08-30; ; ; ;9,08833;0;0;
2004-08-31; ; ; ;9,05873;0;0;
2004-09-01; ; ; ;9,02913;0;0;
2004-09-02; ; ; ;9,03899;0;0;
2004-09-03; ; ; ;9,05873;0;0;
2004-09-06; ; ; ;9,08833;0;0;
2004-09-07; ; ; ;9,07847;0;0;
2004-09-08; ; ; ;9,00939;0;0;
2004-09-09; ; ; ;9,00939;0;0;
2004-09-10; ; ; ;8,97979;0;0;
2004-09-13; ; ; ;8,97979;0;0;
2004-09-14; ; ; ;8,98965;0;0;
2004-09-15; ; ; ;8,97979;0;0;
2004-09-16; ; ; ;9,03899;0;0;
2004-09-17; ; ; ;9,20675;0;0;
2004-09-20; ; ; ;9,23635;0;0;
2004-09-21; ; ; ;9,20675;0;0;
2004-09-22; ; ; ;9,29556;0;0;
2004-09-23; ; ; ;9,47318;0;0;
2004-09-24; ; ; ;9,50279;0;0;
2004-09-27; ; ; ;9,54226;0;0;
2004-09-28; ; ; ;9,46331;0;0;
2004-09-29; ; ; ;9,22648;0;0;
2004-09-30; ; ; ;9,69028;0;0;
2004-10-01; ; ; ;9,54226;0;0;
2004-10-04; ; ; ;9,68041;0;0;
2004-10-05; ; ; ;9,75935;0;0;
2004-10-06; ; ; ;9,48305;0;0;
2004-10-07; ; ; ;9,68041;0;0;
2004-10-08; ; ; ;9,48305;0;0;
2004-10-11; ; ; ;8,65415;0;0;
2004-10-12; ; ; ;8,7923;0;0;
2004-10-13; ; ; ;9,02913;0;0;
2004-10-14; ; ; ;8,90084;0;0;
2004-10-15; ; ; ;8,87124;0;0;
2004-10-18; ; ; ;8,59494;0;0;
2004-10-19; ; ; ;8,61467;0;0;
2004-10-20; ; ; ;8,36798;0;0;
2004-10-21; ; ; ;8,48639;0;0;
2004-10-22; ; ; ;8,52586;0;0;
2004-10-25; ; ; ;8,516;0;0;
2004-10-26; ; ; ;8,5456;0;0;
2004-10-27; ; ; ;8,61467;0;0;
2004-10-28; ; ; ;8,71335;0;0;
2004-10-29; ; ; ;8,53573;0;0;
2004-11-01; ; ; ;8,5752;0;0;
2004-11-02; ; ; ;8,62454;0;0;
2004-11-03; ; ; ;8,71335;0;0;
2004-11-04; ; ; ;8,8219;0;0;
2004-11-05; ; ; ;8,84164;0;0;
2004-11-08; ; ; ;8,63441;0;0;
2004-11-09; ; ; ;8,55547;0;0;
2004-11-10; ; ; ;8,62454;0;0;
2004-11-11; ; ; ;8,93045;0;0;
2004-11-12; ; ; ;8,89098;0;0;
2004-11-15; ; ; ;8,87124;0;0;
2004-11-16; ; ; ;8,87124;0;0;
2004-11-17; ; ; ;8,76269;0;0;
2004-11-18; ; ; ;9,04886;0;0;
2004-11-19; ; ; ;8,96992;0;0;
2004-11-22; ; ; ;8,92058;0;0;
2004-11-23; ; ; ;9,14754;0;0;
2004-11-24; ; ; ;8,97979;0;0;
2004-11-25; ; ; ;8,97979;0;0;
2004-11-26; ; ; ;8,94032;0;0;
2004-11-29; ; ; ;8,99952;0;0;
2004-11-30; ; ; ;8,99952;0;0;
2004-12-01; ; ; ;9,14754;0;0;
2004-12-02; ; ; ;9,17714;0;0;
2004-12-03; ; ; ;9,19688;0;0;
2004-12-06; ; ; ;9,63107;0;0;
2004-12-07; ; ; ;9,52252;0;0;
2004-12-08; ; ; ;9,38437;0;0;
2004-12-09; ; ; ;9,35477;0;0;
2004-12-10; ; ; ;9,18701;0;0;
2004-12-13; ; ; ;9,30543;0;0;
2004-12-14; ; ; ;9,17714;0;0;
2004-12-15; ; ; ;9,18701;0;0;
2004-12-16; ; ; ;9,07847;0;0;
2004-12-17; ; ; ;9,07847;0;0;
2004-12-20; ; ; ;8,98965;0;0;
2004-12-21; ; ; ;9,00939;0;0;
2004-12-22; ; ; ;8,97979;0;0;
2004-12-23; ; ; ;8,8515;0;0;
2004-12-24; ; ; ;8,8515;0;0;
2004-12-27; ; ; ;8,81203;0;0;
2004-12-28; ; ; ;8,8219;0;0;
2004-12-29; ; ; ;9,01926;0;0;
2004-12-30; ; ; ;8,96992;0;0;
2004-12-31; ; ; ;8,96992;0;0;
2005-01-03; ; ; ;9,25609;0;0;
2005-01-04; ; ; ;9,05873;0;0;
2005-01-05; ; ; ;9,04886;0;0;
2005-01-06; ; ; ;9,00939;0;0;
2005-01-07; ; ; ;9,00939;0;0;
2005-01-10; ; ; ;9,05873;0;0;
2005-01-11; ; ; ;9,27582;0;0;
2005-01-12; ; ; ;9,24622;0;0;
2005-01-13; ; ; ;9,26596;0;0;
2005-01-14; ; ; ;9,22648;0;0;
2005-01-17; ; ; ;9,27582;0;0;
2005-01-18; ; ; ;9,07847;0;0;
2005-01-19; ; ; ;9,18701;0;0;
2005-01-20; ; ; ;9,57186;0;0;
2005-01-21; ; ; ;9,38437;0;0;
2005-01-24; ; ; ;9,36463;0;0;
2005-01-25; ; ; ;9,3745;0;0;
2005-01-26; ; ; ;9,96658;0;0;
2005-01-27; ; ; ;9,79882;0;0;
2005-01-28; ; ; ;9,66067;0;0;
2005-01-31; ; ; ;9,88763;0;0;
2005-02-01; ; ; ;9,79882;0;0;
2005-02-02; ; ; ;9,93697;0;0;
2005-02-03; ; ; ;10,006;0;0;
2005-02-04; ; ; ;10,2922;0;0;
2005-02-07; ; ; ;10,1738;0;0;
2005-02-08; ; ; ;10,006;0;0;
2005-02-09; ; ; ;10,2231;0;0;
2005-02-10; ; ; ;10,4501;0;0;
2005-02-11; ; ; ;10,312;0;0;
2005-02-14; ; ; ;10,4106;0;0;
2005-02-15; ; ; ;10,4698;0;0;
2005-02-16; ; ; ;10,5587;0;0;
2005-02-17; ; ; ;10,5587;0;0;
2005-02-18; ; ; ;10,8547;0;0;
2005-02-21; ; ; ;10,7363;0;0;
2005-02-22; ; ; ;10,8448;0;0;
2005-02-23; ; ; ;10,5784;0;0;
2005-02-24; ; ; ;10,6672;0;0;
2005-02-25; ; ; ;10,8251;0;0;
2005-02-28; ; ; ;10,9139;0;0;
2005-03-01; ; ; ;10,756;0;0;
2005-03-02; ; ; ;10,6573;0;0;
2005-03-03; ; ; ;10,8251;0;0;
2005-03-04; ; ; ;10,7165;0;0;
2005-03-07; ; ; ;10,7264;0;0;
2005-03-08; ; ; ;10,7659;0;0;
2005-03-09; ; ; ;10,7659;0;0;
2005-03-10; ; ; ;10,904;0;0;
2005-03-11; ; ; ;10,7659;0;0;
2005-03-14; ; ; ;10,8547;0;0;
2005-03-15; ; ; ;10,8547;0;0;
2005-03-16; ; ; ;11,052;0;0;
2005-03-17; ; ; ;10,7757;0;0;
2005-03-18; ; ; ;10,7757;0;0;
2005-03-21; ; ; ;10,8053;0;0;
2005-03-22; ; ; ;10,8251;0;0;
2005-03-23; ; ; ;10,8744;0;0;
2005-03-24; ; ; ;11,3777;0;0;
2005-03-25; ; ; ;11,3777;0;0;
2005-03-28; ; ; ;11,3777;0;0;
2005-03-29; ; ; ;11,358;0;0;
2005-03-30; ; ; ;11,3382;0;0;
2005-03-31; ; ; ;11,1902;0;0;
2005-04-01; ; ; ;11,5257;0;0;
2005-04-04; ; ; ;11,5158;0;0;
2005-04-05; ; ; ;11,358;0;0;
2005-04-06; ; ; ;11,4665;0;0;
2005-04-07; ; ; ;11,4468;0;0;
2005-04-08; ; ; ;11,5356;0;0;
2005-04-11; ; ; ;11,575;0;0;
2005-04-12; ; ; ;11,4468;0;0;
2005-04-13; ; ; ;11,6046;0;0;
2005-04-14; ; ; ;11,4764;0;0;
2005-04-15; ; ; ;11,4468;0;0;
2005-04-18; ; ; ;11,1803;0;0;
2005-04-19; ; ; ;11,3678;0;0;
2005-04-20; ; ; ;11,654;0;0;
2005-04-21; ; ; ;11,4369;0;0;
2005-04-22; ; ; ;11,3185;0;0;
2005-04-25; ; ; ;11,3086;0;0;
2005-04-26; ; ; ;11,2889;0;0;
2005-04-27; ; ; ;11,0619;0;0;
2005-04-28; ; ; ;11,1113;0;0;
2005-04-29; ; ; ;10,8152;0;0;
2005-05-02; ; ; ;10,8448;0;0;
2005-05-03; ; ; ;11,2395;0;0;
2005-05-04;10,8547;10,8547;10,8547;11,2987;0;0;
2005-05-05; ; ; ;11,358;0;0;
2005-05-06; ; ; ;11,3678;0;0;
2005-05-09; ; ; ;11,3974;0;0;
2005-05-10; ; ; ;11,4073;0;0;
2005-05-11; ; ; ;11,2001;0;0;
2005-05-12; ; ; ;11,1803;0;0;
2005-05-13; ; ; ;11,2691;0;0;
2005-05-16; ; ; ;11,2593;0;0;
2005-05-17; ; ; ;11,358;203;2.302;
2005-05-18;11,1902;11,1902;11,1902;11,4566;100;1.149;
2005-05-19; ; ; ;11,6046;456;5.292;
2005-05-20; ; ; ;11,4369;0;0;
2005-05-23; ; ; ;11,5553;1.013;11.710;
2005-05-24; ; ; ;11,4073;0;0;
2005-05-25; ; ; ;11,2987;0;0;
2005-05-26; ; ; ;11,3382;0;0;
2005-05-27; ; ; ;11,427;0;0;
2005-05-30; ; ; ;11,3876;0;0;
2005-05-31; ; ; ;11,6046;203;2.352;
2005-06-01; ; ; ;11,5948;0;0;
2005-06-02; ; ; ;11,4862;1.854;21.301;
2005-06-03; ; ; ;11,131;304;3.384;
2005-06-06; ; ; ;11,0619;0;0;
2005-06-07; ; ; ;11,1113;0;0;
2005-06-08; ; ; ;11,2889;0;0;
2005-06-09; ; ; ;11,6343;122;1.415;
2005-06-10; ; ; ;11,6343;203;2.358;
2005-06-13; ; ; ;11,3382;4.691;53.187;
2005-06-14; ; ; ;11,2494;101;1.140;
2005-06-15; ; ; ;11,3185;0;0;
2005-06-16; ; ; ;11,3974;203;2.310;
2005-06-17; ; ; ;11,2889;0;0;
2005-06-20; ; ; ;11,5652;0;0;
2005-06-21; ; ; ;11,7132;152;1.781;
2005-06-22; ; ; ;11,8415;0;0;
2005-06-23; ; ; ;11,5849;0;0;
2005-06-24; ; ; ;11,3382;0;0;
2005-06-27; ; ; ;11,2593;0;0;
2005-06-28; ; ; ;11,3481;0;0;
2005-06-29; ; ; ;10,9336;451;4.931;
2005-06-30; ; ; ;11,1113;203;2.252;
2005-07-01; ; ; ;10,9731;0;0;
2005-07-04; ; ; ;11,1014;152;1.688;
2005-07-05; ; ; ;10,9534;0;0;
2005-07-06; ; ; ;11,1705;0;0;
2005-07-07; ; ; ;10,7264;1.109;11.892;
2005-07-08; ; ; ;11,0126;0;0;
2005-07-11; ; ; ;10,9928;101;1.114;
2005-07-12; ; ; ;10,6179;811;8.608;
2005-07-13; ; ; ;10,8547;101;1.100;
2005-07-14; ; ; ;10,8547;375;4.070;
2005-07-15; ; ; ;10,5883;1.115;11.803;
2005-07-18; ; ; ;10,7264;0;0;
2005-07-19; ; ; ;10,4205;679;7.075;
2005-07-20; ; ; ;10,4304;0;0;
2005-07-21;10,312;10,312;10,312;10,5192;0;0;
2005-07-22; ; ; ;10,7363;253;2.720;
2005-07-25; ; ; ;10,7165;0;0;
2005-07-26; ; ; ;10,7856;0;0;
2005-07-27; ; ; ;10,9139;405;4.424;
2005-07-28; ; ; ;10,9139;91;995;
2005-07-29; ; ; ;10,756;0;0;
2005-08-01; ; ; ;10,8152;263;2.850;
2005-08-02; ; ; ;10,8251;0;0;
2005-08-03; ; ; ;10,9534;3.547;38.850;
2005-08-04; ; ; ;10,9534;0;0;
2005-08-05; ; ; ;10,9435;0;0;
2005-08-08; ; ; ;10,835;507;5.490;
2005-08-09; ; ; ;10,8547;117;1.265;
2005-08-10; ; ; ;10,7659;0;0;
2005-08-11; ; ; ;10,7856;0;0;
2005-08-12; ; ; ;10,8843;0;0;
2005-08-15; ; ; ;10,8251;0;0;
2005-08-16; ; ; ;10,983;0;0;
2005-08-17; ; ; ;10,9928;0;0;
2005-08-18; ; ; ;11,4764;304;3.489;
2005-08-19; ; ; ;11,358;76;863;
2005-08-22; ; ; ;11,2593;0;0;
2005-08-23; ; ; ;11,2691;0;0;
2005-08-24; ; ; ;11,052;0;0;
2005-08-25; ; ; ;10,9632;0;0;
2005-08-26; ; ; ;10,9336;0;0;
2005-08-29; ; ; ;10,8942;0;0;
2005-08-30; ; ; ;11,0027;0;0;
2005-08-31; ; ; ;11,1803;253;2.833;
2005-09-01; ; ; ;11,0027;0;0;
2005-09-02; ; ; ;11,0816;0;0;
2005-09-05; ; ; ;11,2987;41;458;
2005-09-06; ; ; ;11,1705;0;0;
2005-09-07; ; ; ;11,2001;0;0;
2005-09-08; ; ; ;11,3086;456;5.157;
2005-09-09; ; ; ;11,1409;0;0;
2005-09-12; ; ; ;11,4073;91;1.040;
2005-09-13; ; ; ;11,506;101;1.166;
2005-09-14; ; ; ;11,7231;177;2.079;
2005-09-15; ; ; ;11,575;0;0;
2005-09-16; ; ; ;11,4764;304;3.489;
2005-09-19; ; ; ;11,4764;426;4.885;
2005-09-20; ; ; ;11,6244;0;0;
2005-09-21; ; ; ;11,6441;51;590;
2005-09-22; ; ; ;11,5454;594;6.856;
2005-09-23; ; ; ;11,3185;213;2.409;
2005-09-26; ; ; ;11,3678;0;0;
2005-09-27; ; ; ;11,4073;0;0;
2005-09-28; ; ; ;11,3481;0;0;
2005-09-29; ; ; ;11,1507;0;0;
2005-09-30; ; ; ;11,1113;0;0;
2005-10-03; ; ; ;11,4073;294;3.352;
2005-10-04; ; ; ;11,3876;22;254;
2005-10-05; ; ; ;11,4566;304;3.483;
2005-10-06; ; ; ;11,1409;0;0;
2005-10-07; ; ; ;10,9336;0;0;
2005-10-10; ; ; ;10,983;0;0;
2005-10-11; ; ; ;11,052;507;5.600;
2005-10-12; ; ; ;10,8843;0;0;
2005-10-13; ; ; ;11,1606;101;1.131;
2005-10-14; ; ; ;10,8547;91;990;
2005-10-17; ; ; ;10,8547;0;0;
2005-10-18; ; ; ;10,8547;0;0;
2005-10-19; ; ; ;10,5587;0;0;
2005-10-20; ; ; ;10,4008;203;2.108;
2005-10-21;9,87777;9,87777;9,87777;9,96658;4.373;43.582;
2005-10-24;9,68041;9,68041;9,68041;10,1245;152;1.539;
2005-10-25; ; ; ;10,2626;203;2.080;
2005-10-26; ; ; ;10,2429;0;0;
2005-10-27; ; ; ;10,2725;0;0;
2005-10-28; ; ; ;10,1245;51;513;
2005-10-31; ; ; ;10,2626;203;2.080;
2005-11-01; ; ; ;10,2725;0;0;
2005-11-02; ; ; ;10,1639;1.013;10.300;
2005-11-03; ; ; ;10,3712;81;841;
2005-11-04; ; ; ;10,3021;400;4.124;
2005-11-07; ; ; ;10,2725;0;0;
2005-11-08; ; ; ;10,46;0;0;
2005-11-09; ; ; ;10,5488;0;0;
2005-11-10; ; ; ;10,5685;0;0;
2005-11-11; ; ; ;10,7955;101;1.094;
2005-11-14; ; ; ;10,7856;0;0;
2005-11-15; ; ; ;10,6869;1.013;10.830;
2005-11-16; ; ; ;10,7165;0;0;
2005-11-17; ; ; ;10,5488;0;0;
2005-11-18; ; ; ;10,5784;0;0;
2005-11-21; ; ; ;10,5587;0;0;
2005-11-22; ; ; ;10,7461;76;817;
2005-11-23; ; ; ;10,7165;51;543;
2005-11-24; ; ; ;10,7461;0;0;
2005-11-25; ; ; ;10,6968;0;0;
2005-11-28; ; ; ;10,835;147;1.592;
2005-11-29; ; ; ;10,8744;0;0;
2005-11-30; ; ; ;10,7165;253;2.715;
2005-12-01; ; ; ;10,6672;0;0;
2005-12-02; ; ; ;10,756;0;0;
2005-12-05; ; ; ;10,9731;0;0;
2005-12-06; ; ; ;10,8646;507;5.505;
2005-12-07; ; ; ;10,8448;0;0;
2005-12-08; ; ; ;10,8251;0;0;
2005-12-09; ; ; ;10,8843;0;0;
2005-12-12; ; ; ;10,8843;101;1.103;
2005-12-13; ; ; ;10,8744;0;0;
2005-12-14; ; ; ;10,8843;0;0;
2005-12-15; ; ; ;10,8251;0;0;
2005-12-16; ; ; ;10,8744;507;5.510;
2005-12-19; ; ; ;11,1113;0;0;
2005-12-20; ; ; ;11,1803;0;0;
2005-12-21; ; ; ;11,2297;0;0;
2005-12-22; ; ; ;11,279;0;0;
2005-12-23; ; ; ;11,3382;0;0;
2005-12-26;;;;11,3382;;;Inserted
2005-12-27; ; ; ;11,3382;0;0;
2005-12-28; ; ; ;11,5948;1.094;12.690;
2005-12-29; ; ; ;11,6441;304;3.540;
2005-12-30; ; ; ;11,5652;0;0;
2006-01-02; ; ; ;11,2691;0;0;
2006-01-03; ; ; ;11,6441;0;0;
2006-01-04; ; ; ;11,7625;41;477;
2006-01-05; ; ; ;11,6639;0;0;
2006-01-06; ; ; ;11,6244;0;0;
2006-01-09; ; ; ;11,7921;0;0;
2006-01-10; ; ; ;11,7231;0;0;
2006-01-11; ; ; ;11,6441;0;0;
2006-01-12; ; ; ;11,8119;86;1.017;
2006-01-13; ; ; ;11,8217;0;0;
2006-01-16; ; ; ;11,802;0;0;
2006-01-17; ; ; ;12,1375;1.824;22.140;
2006-01-18; ; ; ;12,2757;540;6.631;
2006-01-19; ; ; ;12,1671;0;0;
2006-01-20; ; ; ;12,098;0;0;
2006-01-23; ; ; ;11,9402;0;0;
2006-01-24; ; ; ;11,8908;0;0;
2006-01-25; ; ; ;11,8711;0;0;
2006-01-26; ; ; ;12,3349;0;0;
2006-01-27; ; ; ;12,8677;0;0;
2006-01-30; ; ; ;12,621;0;0;
2006-01-31; ; ; ;12,5026;0;0;
2006-02-01; ; ; ;12,6013;0;0;
2006-02-02; ; ; ;12,5026;1.216;15.204;
2006-02-03; ; ; ;12,3151;0;0;
2006-02-06; ; ; ;12,3842;0;0;
2006-02-07; ; ; ;12,2954;0;0;
2006-02-08; ; ; ;12,1869;709;8.645;
2006-02-09; ; ; ;12,0783;0;0;
2006-02-10; ; ; ;12,2461;0;0;
2006-02-13; ; ; ;12,1178;0;0;
2006-02-14; ; ; ;11,8908;0;0;
2006-02-15; ; ; ;12,0684;135;1.627;
2006-02-16; ; ; ;12,098;0;0;
2006-02-17; ; ; ;12,0191;0;0;
2006-02-20; ; ; ;12,0586;0;0;
2006-02-21; ; ; ;11,9895;0;0;
2006-02-22; ; ; ;12,1375;0;0;
2006-02-23; ; ; ;12,0684;0;0;
2006-02-24; ; ; ;12,0092;912;10.953;
2006-02-27; ; ; ;11,9796;0;0;
2006-02-28; ; ; ;12,2559;0;0;
2006-03-01; ; ; ;12,0388;0;0;
2006-03-02; ; ; ;12,2066;0;0;
2006-03-03; ; ; ;12,1671;0;0;
2006-03-06; ; ; ;12,098;253;3.065;
2006-03-07; ; ; ;12,1178;0;0;
2006-03-08; ; ; ;11,9895;0;0;
2006-03-09; ; ; ;12,1572;0;0;
2006-03-10; ; ; ;12,3546;0;0;
2006-03-13; ; ; ;12,4533;0;0;
2006-03-14; ; ; ;12,6704;0;0;
2006-03-15; ; ; ;13,0947;274;3.583;
2006-03-16; ; ; ;13,0158;0;0;
2006-03-17; ; ; ;12,8776;0;0;
2006-03-20; ; ; ;12,996;0;0;
2006-03-21; ; ; ;12,7592;0;0;
2006-03-22; ; ; ;12,8283;0;0;
2006-03-23; ; ; ;13,075;0;0;
2006-03-24; ; ; ;13,0947;0;0;
2006-03-27; ; ; ;12,8085;0;0;
2006-03-28; ; ; ;12,7592;0;0;
2006-03-29; ; ; ;12,5816;0;0;
2006-03-30; ; ; ;12,5717;0;0;
2006-03-31; ; ; ;13,0651;0;0;
2006-04-03; ; ; ;13,7855;405;5.588;
2006-04-04; ; ; ;13,6177;108;1.477;
2006-04-05; ; ; ;13,4795;0;0;
2006-04-06; ; ; ;14,1012;0;0;
2006-04-07; ; ; ;13,894;203;2.816;
2006-04-10; ; ; ;13,7065;0;0;
2006-04-11; ; ; ;13,5585;0;0;
2006-04-12; ; ; ;13,4006;0;0;
2006-04-13; ; ; ;13,2329;602;7.966;
2006-04-14;;;;13,2329;;;Inserted
2006-04-17;;;;13,2329;;;Inserted
2006-04-18; ; ; ;13,2032;0;0;
2006-04-19; ; ; ;13,2723;0;0;
2006-04-20; ; ; ;13,1835;0;0;
2006-04-21; ; ; ;13,1539;0;0;
2006-04-24; ; ; ;13,4105;0;0;
2006-04-25; ; ; ;13,2131;0;0;
2006-04-26; ; ; ;13,3907;0;0;
2006-04-27; ; ; ;13,1638;203;2.668;
2006-04-28; ; ; ;13,3217;0;0;
2006-05-01;;;;13,3217;;;Inserted
2006-05-02; ; ; ;13,519;0;0;
2006-05-03; ; ; ;13,223;0;0;
2006-05-04; ; ; ;13,2822;0;0;
2006-05-05; ; ; ;13,3217;0;0;
2006-05-08; ; ; ;13,4598;0;0;
2006-05-09; ; ; ;13,4499;0;0;
2006-05-10; ; ; ;13,4499;0;0;
2006-05-11; ; ; ;13,5388;0;0;
2006-05-12; ; ; ;13,3907;0;0;
2006-05-15; ; ; ;12,8776;0;0;
2006-05-16; ; ; ;12,7789;709;9.065;
2006-05-17; ; ; ;12,8283;0;0;
2006-05-18; ; ; ;12,0191;0;0;
2006-05-19; ; ; ;12,1276;0;0;
2006-05-22; ; ; ;11,8119;1.165;13.766;
2006-05-23; ; ; ;11,6244;0;0;
2006-05-24; ; ; ;12,2263;0;0;
2006-05-25; ; ; ;12,0783;0;0;
2006-05-26; ; ; ;12,5026;0;0;
2006-05-29; ; ; ;12,6112;0;0;
2006-05-30; ; ; ;12,6901;0;0;
2006-05-31; ; ; ;12,0882;0;0;
2006-06-01; ; ; ;12,5816;0;0;
2006-06-02; ; ; ;13,3414;0;0;
2006-06-05; ; ; ;13,2822;0;0;
2006-06-06; ; ; ;13,2032;0;0;
2006-06-07; ; ; ;13,0256;0;0;
2006-06-08; ; ; ;12,7493;0;0;
2006-06-09; ; ; ;12,9269;0;0;
2006-06-12; ; ; ;12,6013;0;0;
2006-06-13; ; ; ;12,0388;1.368;16.470;
2006-06-14; ; ; ;12,0388;0;0;
2006-06-15; ; ; ;12,3941;0;0;
2006-06-16; ; ; ;12,8677;0;0;
2006-06-19; ; ; ;12,5322;0;0;
2006-06-20; ; ; ;12,552;0;0;
2006-06-21; ; ; ;12,9171;0;0;
2006-06-22; ; ; ;12,9664;0;0;
2006-06-23; ; ; ;12,7987;0;0;
2006-06-26; ; ; ;12,9467;0;0;
2006-06-27; ; ; ;12,8283;0;0;
2006-06-28; ; ; ;12,3546;0;0;
2006-06-29; ; ; ;12,9664;0;0;
2006-06-30; ; ; ;13,371;0;0;
2006-07-03; ; ; ;13,0454;0;0;
2006-07-04; ; ; ;12,8085;0;0;
2006-07-05; ; ; ;13,2921;0;0;
2006-07-06; ; ; ;13,0059;0;0;
2006-07-07; ; ; ;12,9368;0;0;
2006-07-10; ; ; ;12,9467;0;0;
2006-07-11; ; ; ;13,1144;0;0;
2006-07-12; ; ; ;12,9763;0;0;
2006-07-13; ; ; ;12,9072;142;1.831;
2006-07-14; ; ; ;12,70;0;0;
2006-07-17; ; ; ;12,621;0;0;
2006-07-18; ; ; ;12,3743;0;0;
2006-07-19; ; ; ;12,4533;0;0;
2006-07-20; ; ; ;13,0256;0;0;
2006-07-21; ; ; ;12,9862;1.216;15.792;
2006-07-24; ; ; ;12,8875;0;0;
2006-07-25; ; ; ;13,3217;0;0;
2006-07-26; ; ; ;13,4598;0;0;
2006-07-27; ; ; ;13,6078;0;0;
2006-07-28; ; ; ;13,746;0;0;
2006-07-31; ; ; ;13,8447;0;0;
2006-08-01; ; ; ;13,9828;304;4.251;
2006-08-02; ; ; ;14,0025;0;0;
2006-08-03; ; ; ;14,0124;0;0;
2006-08-04; ; ; ;13,8644;0;0;
2006-08-07; ; ; ;13,8348;0;0;
2006-08-08; ; ; ;13,9828;0;0;
2006-08-09; ; ; ;13,9236;0;0;
2006-08-10; ; ; ;14,0618;71;998;
2006-08-11; ; ; ;14,0025;152;2.129;
2006-08-14; ; ; ;14,1012;152;2.144;
2006-08-15; ; ; ;14,0223;0;0;
2006-08-16; ; ; ;14,0914;0;0;
2006-08-17; ; ; ;14,1703;0;0;
2006-08-18; ; ; ;14,121;0;0;
2006-08-21; ; ; ;13,9828;0;0;
2006-08-22; ; ; ;13,9433;0;0;
2006-08-23; ; ; ;14,1703;0;0;
2006-08-24; ; ; ;14,121;0;0;
2006-08-25; ; ; ;14,2394;0;0;
2006-08-28; ; ; ;13,9631;0;0;
2006-08-29; ; ; ;13,9729;0;0;
2006-08-30; ; ; ;13,9631;51;708;
2006-08-31; ; ; ;13,8841;0;0;
2006-09-01; ; ; ;14,1802;203;2.874;
2006-09-04; ; ; ;14,1506;0;0;
2006-09-05; ; ; ;14,4565;0;0;
2006-09-06; ; ; ;14,3282;0;0;
2006-09-07; ; ; ;14,2492;0;0;
2006-09-08; ; ; ;14,0223;0;0;
2006-09-11; ; ; ;14,1111;0;0;
2006-09-12; ; ; ;14,19;0;0;
2006-09-13; ; ; ;14,2394;385;5.483;
2006-09-14; ; ; ;14,0914;284;3.998;
2006-09-15; ; ; ;14,1012;0;0;
2006-09-18; ; ; ;14,0815;0;0;
2006-09-19; ; ; ;14,3381;0;0;
2006-09-20; ; ; ;14,19;0;0;
2006-09-21; ; ; ;14,121;0;0;
2006-09-22; ; ; ;14,0716;0;0;
2006-09-25; ; ; ;14,121;0;0;
2006-09-26; ; ; ;14,0223;0;0;
2006-09-27; ; ; ;14,2196;0;0;
2006-09-28; ; ; ;14,3479;0;0;
2006-09-29; ; ; ;14,1999;0;0;
2006-10-02; ; ; ;14,2788;0;0;
2006-10-03; ; ; ;14,1703;0;0;
2006-10-04; ; ; ;14,1604;0;0;
2006-10-05; ; ; ;14,3381;0;0;
2006-10-06; ; ; ;14,4565;0;0;
2006-10-09; ; ; ;14,4663;0;0;
2006-10-10; ; ; ;14,3085;0;0;
2006-10-11; ; ; ;14,3578;0;0;
2006-10-12; ; ; ;14,3578;0;0;
2006-10-13; ; ; ;14,1308;152;2.148;
2006-10-16; ; ; ;14,1999;0;0;
2006-10-17; ; ; ;14,0618;0;0;
2006-10-18; ; ; ;13,894;0;0;
2006-10-19; ; ; ;13,6473;0;0;
2006-10-20; ; ; ;13,7361;0;0;
2006-10-23; ; ; ;14,1012;0;0;
2006-10-24; ; ; ;14,0716;0;0;
2006-10-25; ; ; ;14,1111;456;6.435;
2006-10-26; ; ; ;13,9433;0;0;
2006-10-27; ; ; ;13,8052;0;0;
2006-10-30; ; ; ;13,6276;0;0;
2006-10-31; ; ; ;13,4894;912;12.303;
2006-11-01; ; ; ;13,6276;0;0;
2006-11-02; ; ; ;13,6966;0;0;
2006-11-03; ; ; ;13,8545;0;0;
2006-11-06; ; ; ;13,7657;0;0;
2006-11-07; ; ; ;14,121;0;0;
2006-11-08; ; ; ;13,9433;0;0;
2006-11-09; ; ; ;14,1407;0;0;
2006-11-10; ; ; ;14,1012;0;0;
2006-11-13; ; ; ;14,0519;1.013;14.240;
2006-11-14; ; ; ;13,9828;0;0;
2006-11-15; ; ; ;14,2098;0;0;
2006-11-16; ; ; ;14,3775;0;0;
2006-11-17; ; ; ;14,4861;0;0;
2006-11-20; ; ; ;14,2887;0;0;
2006-11-21; ; ; ;14,2394;0;0;
2006-11-22; ; ; ;14,4762;0;0;
2006-11-23; ; ; ;14,4071;0;0;
2006-11-24;14,3973;14,3973;14,3973;14,3874;0;0;
2006-11-27; ; ; ;14,3775;20;291;
2006-11-28; ; ; ;13,894;0;0;
2006-11-29; ; ; ;14,0223;0;0;
2006-11-30; ; ; ;14,2887;0;0;
2006-12-01; ; ; ;14,0025;0;0;
2006-12-04; ; ; ;14,0025;0;0;
2006-12-05; ; ; ;13,8348;0;0;
2006-12-06; ; ; ;14,2986;101;1.449;
2006-12-07; ; ; ;14,1111;0;0;
2006-12-08; ; ; ;14,5551;0;0;
2006-12-11; ; ; ;15,759;0;0;
2006-12-12; ; ; ;15,6998;0;0;
2006-12-13; ; ; ;15,8676;0;0;
2006-12-14; ; ; ;15,9959;0;0;
2006-12-15; ; ; ;15,7097;0;0;
2006-12-18; ; ; ;16,5978;0;0;
2006-12-19; ; ; ;16,4004;203;3.324;
2006-12-20; ; ; ;16,6373;0;0;
2006-12-21; ; ; ;17,5057;301;5.269;
2006-12-22; ; ; ;17,3971;0;0;
2006-12-25;;;;17,3971;;;Inserted
2006-12-26;;;;17,3971;;;Inserted
2006-12-27; ; ; ;17,1701;507;8.700;
2006-12-28; ; ; ;17,1603;0;0;
2006-12-29; ; ; ;17,1307;0;0;
2007-01-01;;;;17,1307;;;Inserted
2007-01-02; ; ; ;16,6471;0;0;
2007-01-03; ; ; ;16,953;0;0;
2007-01-04; ; ; ;16,6077;0;0;
2007-01-05; ; ; ;16,134;0;0;
2007-01-08; ; ; ;16,1439;25;409;
2007-01-09; ; ; ;16,1044;0;0;
2007-01-10; ; ; ;16,134;0;0;
2007-01-11; ; ; ;16,3708;0;0;
2007-01-12; ; ; ;16,2623;0;0;
2007-01-15; ; ; ;16,6965;0;0;
2007-01-16; ; ; ;16,6373;0;0;
2007-01-17; ; ; ;16,8938;0;0;
2007-01-18; ; ; ;16,9333;0;0;
2007-01-19; ; ; ;16,4498;0;0;
2007-01-22; ; ; ;16,5189;101;1.674;
2007-01-23; ; ; ;16,5485;0;0;
2007-01-24; ; ; ;16,2623;0;0;
2007-01-25; ; ; ;16,5287;0;0;
2007-01-26; ; ; ;16,509;203;3.346;
2007-01-29; ; ; ;16,43;0;0;
2007-01-30; ; ; ;16,3511;0;0;
2007-01-31; ; ; ;16,4103;0;0;
2007-02-01; ; ; ;16,4794;0;0;
2007-02-02; ; ; ;16,3906;0;0;
2007-02-05; ; ; ;17,0517;0;0;
2007-02-06; ; ; ;16,6669;0;0;
2007-02-07; ; ; ;16,8248;0;0;
2007-02-08; ; ; ;16,5583;0;0;
2007-02-09; ; ; ;16,8346;0;0;
2007-02-12; ; ; ;16,4103;101;1.663;
2007-02-13; ; ; ;16,43;0;0;
2007-02-14; ; ; ;16,3215;0;0;
2007-02-15; ; ; ;16,3018;0;0;
2007-02-16; ; ; ;15,7788;122;1.919;
2007-02-19; ; ; ;15,6801;179;2.813;
2007-02-20; ; ; ;15,9564;152;2.426;
2007-02-21; ; ; ;15,7097;0;0;
2007-02-22; ; ; ;15,5222;0;0;
2007-02-23; ; ; ;15,8478;101;1.606;
2007-02-26; ; ; ;15,9367;0;0;
2007-02-27; ; ; ;16,0649;0;0;
2007-02-28; ; ; ;15,4137;203;3.124;
2007-03-01; ; ; ;15,5123;0;0;
2007-03-02; ; ; ;15,3841;101;1.559;
2007-03-05; ; ; ;15,2854;152;2.324;
2007-03-06; ; ; ;15,5419;0;0;
2007-03-07; ; ; ;15,6702;0;0;
2007-03-08; ; ; ;15,7196;0;0;
2007-03-09; ; ; ;15,8577;0;0;
2007-03-12; ; ; ;16,0551;0;0;
2007-03-13; ; ; ;16,0847;0;0;
2007-03-14; ; ; ;15,7985;0;0;
2007-03-15; ; ; ;16,0452;0;0;
2007-03-16; ; ; ;15,7788;0;0;
2007-03-19; ; ; ;16,1143;0;0;
2007-03-20; ; ; ;16,1241;0;0;
2007-03-21; ; ; ;16,134;0;0;
2007-03-22; ; ; ;16,6669;0;0;
2007-03-23; ; ; ;16,7162;30;508;
2007-03-26; ; ; ;16,43;0;0;
2007-03-27; ; ; ;16,3906;0;0;
2007-03-28; ; ; ;16,361;101;1.658;
2007-03-29; ; ; ;16,4695;0;0;
2007-03-30; ; ; ;16,4893;0;0;
2007-04-02; ; ; ;16,5386;0;0;
2007-04-03;17,2688;17,2688;17,2688;16,884;0;0;
2007-04-04; ; ; ;17,0715;203;3.460;
2007-04-05; ; ; ;17,1603;0;0;
2007-04-06;;;;17,1603;;;Inserted
2007-04-09;;;;17,1603;;;Inserted
2007-04-10; ; ; ;17,2886;0;0;
2007-04-11; ; ; ;17,2984;0;0;
2007-04-12; ; ; ;16,9728;0;0;
2007-04-13; ; ; ;17,1109;0;0;
2007-04-16; ; ; ;16,9827;0;0;
2007-04-17; ; ; ;16,9136;0;0;
2007-04-18; ; ; ;16,5485;0;0;
2007-04-19; ; ; ;16,3215;0;0;
2007-04-20; ; ; ;16,6373;127;2.108;
2007-04-23; ; ; ;16,9037;101;1.713;
2007-04-24; ; ; ;16,5879;0;0;
2007-04-25; ; ; ;17,1603;1.378;23.650;
2007-04-26; ; ; ;17,0616;0;0;
2007-04-27; ; ; ;16,9728;0;0;
2007-04-30; ; ; ;16,657;0;0;
2007-05-01;;;;16,657;;;Inserted
2007-05-02; ; ; ;16,7162;203;3.388;
2007-05-03; ; ; ;16,6373;0;0;
2007-05-04; ; ; ;16,8346;0;0;
2007-05-07; ; ; ;16,6669;152;2.534;
2007-05-08; ; ; ;16,5781;101;1.680;
2007-05-09; ; ; ;16,5583;0;0;
2007-05-10; ; ; ;16,6077;0;0;
2007-05-11; ; ; ;16,3018;0;0;
2007-05-14; ; ; ;16,4794;0;0;
2007-05-15; ; ; ;16,3511;0;0;
2007-05-16; ; ; ;16,805;0;0;
2007-05-17; ; ; ;16,3807;0;0;
2007-05-18; ; ; ;16,5978;0;0;
2007-05-21; ; ; ;17,0123;0;0;
2007-05-22; ; ; ;17,0813;709;12.117;
2007-05-23; ; ; ;16,9136;0;0;
2007-05-24; ; ; ;16,9432;0;0;
2007-05-25; ; ; ;16,884;0;0;
2007-05-28;;;;16,884;;;Inserted
2007-05-29; ; ; ;17,5451;203;3.556;
2007-05-30; ; ; ;17,1997;0;0;
2007-05-31; ; ; ;17,1208;0;0;
2007-06-01; ; ; ;17,0813;0;0;
2007-06-04; ; ; ;16,9432;0;0;
2007-06-05; ; ; ;16,7261;0;0;
2007-06-06; ; ; ;16,6669;0;0;
2007-06-07; ; ; ;16,657;0;0;
2007-06-08;17,2688;17,2688;17,2688;15,759;0;0;
2007-06-11; ; ; ;16,1537;0;0;
2007-06-12; ; ; ;15,759;51;799;
2007-06-13; ; ; ;15,6209;0;0;
2007-06-14; ; ; ;16,0156;0;0;
2007-06-15; ; ; ;15,7393;0;0;
2007-06-18; ; ; ;16,0156;0;0;
2007-06-19; ; ; ;15,8182;0;0;
2007-06-20; ; ; ;15,8182;0;0;
2007-06-21; ; ; ;15,8281;0;0;
2007-06-22; ; ; ;15,7788;0;0;
2007-06-25;;;;15,7788;;;Inserted
2007-06-26;;;;15,7788;;;Inserted
2007-06-27;;;;15,7788;;;Inserted
2007-06-28;;;;15,7788;;;Inserted
2007-06-29;;;;15,7788;;;Inserted
2007-07-02;;;;15,7788;;;Inserted
2007-07-03;;;;15,7788;;;Inserted
2007-07-04;;;;15,7788;;;Inserted
2007-07-05;;;;15,7788;;;Inserted
2007-07-06;;;;15,7788;;;Inserted
2007-07-09;;;;15,7788;;;Inserted
2007-07-10;;;;15,7788;;;Inserted
2007-07-11;;;;15,7788;;;Inserted
2007-07-12;;;;15,7788;;;Inserted
2007-07-13;;;;15,7788;;;Inserted
2007-07-16;;;;15,7788;;;Inserted
2007-07-17;;;;15,7788;;;Inserted
2007-07-18;;;;15,7788;;;Inserted
2007-07-19;;;;15,7788;;;Inserted
2007-07-20;;;;15,7788;;;Inserted
2007-07-23;;;;15,7788;;;Inserted
2007-07-24;;;;15,7788;;;Inserted
2007-07-25;;;;15,7788;;;Inserted
2007-07-26;;;;15,7788;;;Inserted
2007-07-27;;;;15,7788;;;Inserted
2007-07-30;;;;15,7788;;;Inserted
2007-07-31;;;;15,7788;;;Inserted
2007-08-01;;;;15,7788;;;Inserted
2007-08-02;;;;15,7788;;;Inserted
2007-08-03;;;;15,7788;;;Inserted
2007-08-06;;;;15,7788;;;Inserted
2007-08-07;;;;15,7788;;;Inserted
2007-08-08;;;;15,7788;;;Inserted
2007-08-09;;;;15,7788;;;Inserted
2007-08-10;;;;15,7788;;;Inserted
2007-08-13;;;;15,7788;;;Inserted
2007-08-14;;;;15,7788;;;Inserted
2007-08-15;;;;15,7788;;;Inserted
2007-08-16;;;;15,7788;;;Inserted
2007-08-17;;;;15,7788;;;Inserted
2007-08-20;;;;15,7788;;;Inserted
2007-08-21;;;;15,7788;;;Inserted
2007-08-22;;;;15,7788;;;Inserted
2007-08-23;;;;15,7788;;;Inserted
2007-08-24;;;;15,7788;;;Inserted
2007-08-27;;;;15,7788;;;Inserted
2007-08-28;14,8117;14,8117;14,8117;14,8117;51;751;
2007-08-29;;;;14,8117;;;Inserted
2007-08-30;;;;14,8117;;;Inserted
2007-08-31;;;;14,8117;;;Inserted
2007-09-03;14,6045;14,6045;14,6045;14,6045;51;740;
2007-09-04;;;;14,6045;;;Inserted
2007-09-05;;;;14,6045;;;Inserted
2007-09-06;;;;14,6045;;;Inserted
2007-09-07;;;;14,6045;;;Inserted
2007-09-10;;;;14,6045;;;Inserted
2007-09-11;;;;14,6045;;;Inserted
2007-09-12;;;;14,6045;;;Inserted
2007-09-13;;;;14,6045;;;Inserted
2007-09-14;;;;14,6045;;;Inserted
2007-09-17;;;;14,6045;;;Inserted
2007-09-18;;;;14,6045;;;Inserted
2007-09-19;;;;14,6045;;;Inserted
2007-09-20;;;;14,6045;;;Inserted
2007-09-21;;;;14,6045;;;Inserted
2007-09-24;;;;14,6045;;;Inserted
2007-09-25;;;;14,6045;;;Inserted
2007-09-26;;;;14,6045;;;Inserted
2007-09-27;;;;14,6045;;;Inserted
2007-09-28;;;;14,6045;;;Inserted
2007-10-01;16,9629;16,9629;16,9629;16,9629;1.419;24.066;
2007-10-02;;;;16,9629;;;Inserted
2007-10-03;;;;16,9629;;;Inserted
2007-10-04;;;;16,9629;;;Inserted
2007-10-05;;;;16,9629;;;Inserted
2007-10-08;;;;16,9629;;;Inserted
2007-10-09;;;;16,9629;;;Inserted
2007-10-10;;;;16,9629;;;Inserted
2007-10-11;;;;16,9629;;;Inserted
2007-10-12;;;;16,9629;;;Inserted
2007-10-15;;;;16,9629;;;Inserted
2007-10-16;;;;16,9629;;;Inserted
2007-10-17;;;;16,9629;;;Inserted
2007-10-18;;;;16,9629;;;Inserted
2007-10-19;;;;16,9629;;;Inserted
2007-10-22;;;;16,9629;;;Inserted
2007-10-23;;;;16,9629;;;Inserted
2007-10-24;;;;16,9629;;;Inserted
2007-10-25;;;;16,9629;;;Inserted
2007-10-26;;;;16,9629;;;Inserted
2007-10-29;;;;16,9629;;;Inserted
2007-10-30;18,2457;18,2457;18,2457;18,2457;203;3.698;
2007-10-31;;;;18,2457;;;Inserted
2007-11-01;;;;18,2457;;;Inserted
2007-11-02;;;;18,2457;;;Inserted
2007-11-05;;;;18,2457;;;Inserted
2007-11-06;;;;18,2457;;;Inserted
2007-11-07;;;;18,2457;;;Inserted
2007-11-08;18,2556;18,2556;18,2556;18,2556;81;1.480;
2007-11-09;;;;18,2556;;;Inserted
2007-11-12;18,1273;18,1273;18,1273;18,1273;1.012;18.352;
2007-11-13;;;;18,1273;;;Inserted
2007-11-14;;;;18,1273;;;Inserted
2007-11-15;;;;18,1273;;;Inserted
2007-11-16;;;;18,1273;;;Inserted
2007-11-19;;;;18,1273;;;Inserted
2007-11-20;;;;18,1273;;;Inserted
2007-11-21;;;;18,1273;;;Inserted
2007-11-22;;;;18,1273;;;Inserted
2007-11-23;;;;18,1273;;;Inserted
2007-11-26;;;;18,1273;;;Inserted
2007-11-27;;;;18,1273;;;Inserted
2007-11-28;;;;18,1273;;;Inserted
2007-11-29;;;;18,1273;;;Inserted
2007-11-30;;;;18,1273;;;Inserted
2007-12-03;;;;18,1273;;;Inserted
2007-12-04;;;;18,1273;;;Inserted
2007-12-05;;;;18,1273;;;Inserted
2007-12-06;;;;18,1273;;;Inserted
2007-12-07;;;;18,1273;;;Inserted
2007-12-10;;;;18,1273;;;Inserted
2007-12-11;;;;18,1273;;;Inserted
2007-12-12;;;;18,1273;;;Inserted
2007-12-13;;;;18,1273;;;Inserted
2007-12-14;18,5911;18,5911;18,5911;18,5911;203;3.768;
2007-12-17;;;;18,5911;;;Inserted
2007-12-18;;;;18,5911;;;Inserted
2007-12-19;;;;18,5911;;;Inserted
2007-12-20;;;;18,5911;;;Inserted
2007-12-21;;;;18,5911;;;Inserted
2007-12-24;;;;18,5911;;;Inserted
2007-12-25;;;;18,5911;;;Inserted
2007-12-26;;;;18,5911;;;Inserted
2007-12-27;;;;18,5911;;;Inserted
2007-12-28;;;;18,5911;;;Inserted
2007-12-31;;;;18,5911;;;Inserted
2008-01-01;;;;18,5911;;;Inserted
2008-01-02;;;;18,5911;;;Inserted
2008-01-03;;;;18,5911;;;Inserted
2008-01-04;;;;18,5911;;;Inserted
2008-01-07;;;;18,5911;;;Inserted
2008-01-08;;;;18,5911;;;Inserted
2008-01-09;;;;18,5911;;;Inserted
2008-01-10;;;;18,5911;;;Inserted
2008-01-11;;;;18,5911;;;Inserted
2008-01-14;;;;18,5911;;;Inserted
2008-01-15;;;;18,5911;;;Inserted
2008-01-16;;;;18,5911;;;Inserted
2008-01-17;;;;18,5911;;;Inserted
2008-01-18;;;;18,5911;;;Inserted
2008-01-21;;;;18,5911;;;Inserted
2008-01-22;;;;18,5911;;;Inserted
2008-01-23;;;;18,5911;;;Inserted
2008-01-24;;;;18,5911;;;Inserted
2008-01-25;;;;18,5911;;;Inserted
2008-01-28;;;;18,5911;;;Inserted
2008-01-29;;;;18,5911;;;Inserted
2008-01-30;;;;18,5911;;;Inserted
2008-01-31;;;;18,5911;;;Inserted
2008-02-01;;;;18,5911;;;Inserted
2008-02-04;;;;18,5911;;;Inserted
2008-02-05;;;;18,5911;;;Inserted
2008-02-06;;;;18,5911;;;Inserted
2008-02-07;;;;18,5911;;;Inserted
2008-02-08;;;;18,5911;;;Inserted
2008-02-11;;;;18,5911;;;Inserted
2008-02-12;;;;18,5911;;;Inserted
2008-02-13;;;;18,5911;;;Inserted
2008-02-14;;;;18,5911;;;Inserted
2008-02-15;;;;18,5911;;;Inserted
2008-02-18;;;;18,5911;;;Inserted
2008-02-19;;;;18,5911;;;Inserted
2008-02-20;;;;18,5911;;;Inserted
2008-02-21;;;;18,5911;;;Inserted
2008-02-22;;;;18,5911;;;Inserted
2008-02-25;;;;18,5911;;;Inserted
2008-02-26;;;;18,5911;;;Inserted
2008-02-27;;;;18,5911;;;Inserted
2008-02-28;;;;18,5911;;;Inserted
2008-02-29;;;;18,5911;;;Inserted
2008-03-03;;;;18,5911;;;Inserted
2008-03-04;;;;18,5911;;;Inserted
2008-03-05;;;;18,5911;;;Inserted
2008-03-06;;;;18,5911;;;Inserted
2008-03-07;;;;18,5911;;;Inserted
2008-03-10;;;;18,5911;;;Inserted
2008-03-11;;;;18,5911;;;Inserted
2008-03-12;;;;18,5911;;;Inserted
2008-03-13;;;;18,5911;;;Inserted
2008-03-14;;;;18,5911;;;Inserted
2008-03-17;;;;18,5911;;;Inserted
2008-03-18;;;;18,5911;;;Inserted
2008-03-19;;;;18,5911;;;Inserted
2008-03-20;;;;18,5911;;;Inserted
2008-03-21;;;;18,5911;;;Inserted
2008-03-24;;;;18,5911;;;Inserted
2008-03-25;;;;18,5911;;;Inserted
2008-03-26;;;;18,5911;;;Inserted
2008-03-27;;;;18,5911;;;Inserted
2008-03-28;;;;18,5911;;;Inserted
2008-03-31;;;;18,5911;;;Inserted
2008-04-01;;;;18,5911;;;Inserted
2008-04-02;;;;18,5911;;;Inserted
2008-04-03;;;;18,5911;;;Inserted
2008-04-04;;;;18,5911;;;Inserted
2008-04-07;;;;18,5911;;;Inserted
2008-04-08;;;;18,5911;;;Inserted
2008-04-09;;;;18,5911;;;Inserted
2008-04-10;;;;18,5911;;;Inserted
2008-04-11;;;;18,5911;;;Inserted
2008-04-14;;;;18,5911;;;Inserted
2008-04-15;;;;18,5911;;;Inserted
2008-04-16;;;;18,5911;;;Inserted
2008-04-17;;;;18,5911;;;Inserted
2008-04-18;;;;18,5911;;;Inserted
2008-04-21;;;;18,5911;;;Inserted
2008-04-22;;;;18,5911;;;Inserted
2008-04-23;;;;18,5911;;;Inserted
2008-04-24;;;;18,5911;;;Inserted
2008-04-25;;;;18,5911;;;Inserted
2008-04-28;;;;18,5911;;;Inserted
2008-04-29;;;;18,5911;;;Inserted
2008-04-30;;;;18,5911;;;Inserted
2008-05-01;;;;18,5911;;;Inserted
2008-05-02;;;;18,5911;;;Inserted
2008-05-05;;;;18,5911;;;Inserted
2008-05-06;;;;18,5911;;;Inserted
2008-05-07;;;;18,5911;;;Inserted
2008-05-08;;;;18,5911;;;Inserted
2008-05-09;;;;18,5911;;;Inserted
2008-05-12;;;;18,5911;;;Inserted
2008-05-13;;;;18,5911;;;Inserted
2008-05-14;;;;18,5911;;;Inserted
2008-05-15;;;;18,5911;;;Inserted
2008-05-16;;;;18,5911;;;Inserted
2008-05-19;;;;18,5911;;;Inserted
2008-05-20;;;;18,5911;;;Inserted
2008-05-21;;;;18,5911;;;Inserted
2008-05-22;;;;18,5911;;;Inserted
2008-05-23;;;;18,5911;;;Inserted
2008-05-26;;;;18,5911;;;Inserted
2008-05-27;;;;18,5911;;;Inserted
2008-05-28;;;;18,5911;;;Inserted
2008-05-29;;;;18,5911;;;Inserted
2008-05-30;;;;18,5911;;;Inserted
2008-06-02;;;;18,5911;;;Inserted
2008-06-03;;;;18,5911;;;Inserted
2008-06-04;;;;18,5911;;;Inserted
2008-06-05;;;;18,5911;;;Inserted
2008-06-06;;;;18,5911;;;Inserted
2008-06-09;;;;18,5911;;;Inserted
2008-06-10;;;;18,5911;;;Inserted
2008-06-11;;;;18,5911;;;Inserted
2008-06-12;;;;18,5911;;;Inserted
2008-06-13;;;;18,5911;;;Inserted
2008-06-16;;;;18,5911;;;Inserted
2008-06-17;;;;18,5911;;;Inserted
2008-06-18;;;;18,5911;;;Inserted
2008-06-19;;;;18,5911;;;Inserted
2008-06-20;;;;18,5911;;;Inserted
2008-06-23;;;;18,5911;;;Inserted
2008-06-24;;;;18,5911;;;Inserted
2008-06-25;;;;18,5911;;;Inserted
2008-06-26;;;;18,5911;;;Inserted
2008-06-27;;;;18,5911;;;Inserted
2008-06-30;;;;18,5911;;;Inserted
2008-07-01;;;;18,5911;;;Inserted
2008-07-02;;;;18,5911;;;Inserted
2008-07-03;;;;18,5911;;;Inserted
2008-07-04;;;;18,5911;;;Inserted
2008-07-07;;;;18,5911;;;Inserted
2008-07-08;;;;18,5911;;;Inserted
2008-07-09;;;;18,5911;;;Inserted
2008-07-10;;;;18,5911;;;Inserted
2008-07-11;;;;18,5911;;;Inserted
2008-07-14;;;;18,5911;;;Inserted
2008-07-15;;;;18,5911;;;Inserted
2008-07-16;;;;18,5911;;;Inserted
2008-07-17;;;;18,5911;;;Inserted
2008-07-18;;;;18,5911;;;Inserted
2008-07-21;;;;18,5911;;;Inserted
2008-07-22;;;;18,5911;;;Inserted
2008-07-23;;;;18,5911;;;Inserted
2008-07-24;;;;18,5911;;;Inserted
2008-07-25;;;;18,5911;;;Inserted
2008-07-28;;;;18,5911;;;Inserted
2008-07-29;;;;18,5911;;;Inserted
2008-07-30;;;;18,5911;;;Inserted
2008-07-31;;;;18,5911;;;Inserted
2008-08-01;;;;18,5911;;;Inserted
2008-08-04;;;;18,5911;;;Inserted
2008-08-05;;;;18,5911;;;Inserted
2008-08-06;;;;18,5911;;;Inserted
2008-08-07;;;;18,5911;;;Inserted
2008-08-08;;;;18,5911;;;Inserted
2008-08-11;;;;18,5911;;;Inserted
2008-08-12;;;;18,5911;;;Inserted
2008-08-13;;;;18,5911;;;Inserted
2008-08-14;;;;18,5911;;;Inserted
2008-08-15;15,7788;15,7788;15,7788;15,7788;51;800;
2008-08-18;;;;15,7788;;;Inserted
2008-08-19;;;;15,7788;;;Inserted
2008-08-20;;;;15,7788;;;Inserted
2008-08-21;;;;15,7788;;;Inserted
2008-08-22;;;;15,7788;;;Inserted
2008-08-25;;;;15,7788;;;Inserted
2008-08-26;;;;15,7788;;;Inserted
2008-08-27;;;;15,7788;;;Inserted
2008-08-28;;;;15,7788;;;Inserted
2008-08-29;;;;15,7788;;;Inserted
2008-09-01;;;;15,7788;;;Inserted
2008-09-02;;;;15,7788;;;Inserted
2008-09-03;;;;15,7788;;;Inserted
2008-09-04;;;;15,7788;;;Inserted
2008-09-05;;;;15,7788;;;Inserted
2008-09-08;;;;15,7788;;;Inserted
2008-09-09;;;;15,7788;;;Inserted
2008-09-10;;;;15,7788;;;Inserted
2008-09-11;;;;15,7788;;;Inserted
2008-09-12;;;;15,7788;;;Inserted
2008-09-15;;;;15,7788;;;Inserted
2008-09-16;;;;15,7788;;;Inserted
2008-09-17;;;;15,7788;;;Inserted
2008-09-18;;;;15,7788;;;Inserted
2008-09-19;;;;15,7788;;;Inserted
2008-09-22;;;;15,7788;;;Inserted
2008-09-23;;;;15,7788;;;Inserted
2008-09-24;;;;15,7788;;;Inserted
2008-09-25;;;;15,7788;;;Inserted
2008-09-26;;;;15,7788;;;Inserted
2008-09-29;;;;15,7788;;;Inserted
2008-09-30;;;;15,7788;;;Inserted
2008-10-01;13,9137;13,9137;13,9137;13,9137;101;1.410;
2008-10-02;;;;13,9137;;;Inserted
2008-10-03;;;;13,9137;;;Inserted
2008-10-06;;;;13,9137;;;Inserted
2008-10-07;;;;13,9137;;;Inserted
2008-10-08;;;;13,9137;;;Inserted
2008-10-09;;;;13,9137;;;Inserted
2008-10-10;;;;13,9137;;;Inserted
2008-10-13;;;;13,9137;;;Inserted
2008-10-14;;;;13,9137;;;Inserted
2008-10-15;;;;13,9137;;;Inserted
2008-10-16;;;;13,9137;;;Inserted
2008-10-17;;;;13,9137;;;Inserted
2008-10-20;;;;13,9137;;;Inserted
2008-10-21;;;;13,9137;;;Inserted
2008-10-22;;;;13,9137;;;Inserted
2008-10-23;;;;13,9137;;;Inserted
2008-10-24;;;;13,9137;;;Inserted
2008-10-27;;;;13,9137;;;Inserted
2008-10-28;;;;13,9137;;;Inserted
2008-10-29;;;;13,9137;;;Inserted
2008-10-30;;;;13,9137;;;Inserted
2008-10-31;;;;13,9137;;;Inserted
2008-11-03;;;;13,9137;;;Inserted
2008-11-04;;;;13,9137;;;Inserted
2008-11-05;;;;13,9137;;;Inserted
2008-11-06;;;;13,9137;;;Inserted
2008-11-07;;;;13,9137;;;Inserted
2008-11-10;;;;13,9137;;;Inserted
2008-11-11;;;;13,9137;;;Inserted
2008-11-12;;;;13,9137;;;Inserted
2008-11-13;;;;13,9137;;;Inserted
2008-11-14;;;;13,9137;;;Inserted
2008-11-17;;;;13,9137;;;Inserted
2008-11-18;;;;13,9137;;;Inserted
2008-11-19;;;;13,9137;;;Inserted
2008-11-20;;;;13,9137;;;Inserted
2008-11-21;;;;13,9137;;;Inserted
2008-11-24;;;;13,9137;;;Inserted
2008-11-25;;;;13,9137;;;Inserted
2008-11-26;;;;13,9137;;;Inserted
2008-11-27;;;;13,9137;;;Inserted
2008-11-28;;;;13,9137;;;Inserted
2008-12-01;;;;13,9137;;;Inserted
2008-12-02;;;;13,9137;;;Inserted
2008-12-03;;;;13,9137;;;Inserted
2008-12-04;;;;13,9137;;;Inserted
2008-12-05;;;;13,9137;;;Inserted
2008-12-08;;;;13,9137;;;Inserted
2008-12-09;;;;13,9137;;;Inserted
2008-12-10;;;;13,9137;;;Inserted
2008-12-11;;;;13,9137;;;Inserted
2008-12-12;;;;13,9137;;;Inserted
2008-12-15;;;;13,9137;;;Inserted
2008-12-16;;;;13,9137;;;Inserted
2008-12-17;;;;13,9137;;;Inserted
2008-12-18;;;;13,9137;;;Inserted
2008-12-19;;;;13,9137;;;Inserted
2008-12-22;;;;13,9137;;;Inserted
2008-12-23;;;;13,9137;;;Inserted
2008-12-24;;;;13,9137;;;Inserted
2008-12-25;;;;13,9137;;;Inserted
2008-12-26;;;;13,9137;;;Inserted
2008-12-29;;;;13,9137;;;Inserted
2008-12-30;;;;13,9137;;;Inserted
2008-12-31;;;;13,9137;;;Inserted
2009-01-01;;;;13,9137;;;Inserted
2009-01-02;;;;13,9137;;;Inserted
2009-01-05;;;;13,9137;;;Inserted
2009-01-06;;;;13,9137;;;Inserted
2009-01-07;;;;13,9137;;;Inserted
2009-01-08;;;;13,9137;;;Inserted
2009-01-09;;;;13,9137;;;Inserted
2009-01-12;;;;13,9137;;;Inserted
2009-01-13;;;;13,9137;;;Inserted
2009-01-14;;;;13,9137;;;Inserted
2009-01-15;;;;13,9137;;;Inserted
2009-01-16;;;;13,9137;;;Inserted
2009-01-19;;;;13,9137;;;Inserted
2009-01-20;;;;13,9137;;;Inserted
2009-01-21;;;;13,9137;;;Inserted
2009-01-22;;;;13,9137;;;Inserted
2009-01-23;;;;13,9137;;;Inserted
2009-01-26;;;;13,9137;;;Inserted
2009-01-27;;;;13,9137;;;Inserted
2009-01-28;;;;13,9137;;;Inserted
2009-01-29;;;;13,9137;;;Inserted
2009-01-30;;;;13,9137;;;Inserted
2009-02-02;;;;13,9137;;;Inserted
2009-02-03;;;;13,9137;;;Inserted
2009-02-04;;;;13,9137;;;Inserted
2009-02-05;;;;13,9137;;;Inserted
2009-02-06;;;;13,9137;;;Inserted
2009-02-09;;;;13,9137;;;Inserted
2009-02-10;;;;13,9137;;;Inserted
2009-02-11;;;;13,9137;;;Inserted
2009-02-12;;;;13,9137;;;Inserted
2009-02-13;;;;13,9137;;;Inserted
2009-02-16;;;;13,9137;;;Inserted
2009-02-17;;;;13,9137;;;Inserted
2009-02-18;;;;13,9137;;;Inserted
2009-02-19;;;;13,9137;;;Inserted
2009-02-20;;;;13,9137;;;Inserted
2009-02-23;;;;13,9137;;;Inserted
2009-02-24;;;;13,9137;;;Inserted
2009-02-25;;;;13,9137;;;Inserted
2009-02-26;;;;13,9137;;;Inserted
2009-02-27;;;;13,9137;;;Inserted
2009-03-02;;;;13,9137;;;Inserted
2009-03-03;;;;13,9137;;;Inserted
2009-03-04;;;;13,9137;;;Inserted
2009-03-05;;;;13,9137;;;Inserted
2009-03-06;;;;13,9137;;;Inserted
2009-03-09;;;;13,9137;;;Inserted
2009-03-10;;;;13,9137;;;Inserted
2009-03-11;;;;13,9137;;;Inserted
2009-03-12;;;;13,9137;;;Inserted
2009-03-13;;;;13,9137;;;Inserted
2009-03-16;;;;13,9137;;;Inserted
2009-03-17;;;;13,9137;;;Inserted
2009-03-18;;;;13,9137;;;Inserted
2009-03-19;;;;13,9137;;;Inserted
2009-03-20;;;;13,9137;;;Inserted
2009-03-23;;;;13,9137;;;Inserted
2009-03-24;;;;13,9137;;;Inserted
2009-03-25;;;;13,9137;;;Inserted
2009-03-26;;;;13,9137;;;Inserted
2009-03-27;;;;13,9137;;;Inserted
2009-03-30;;;;13,9137;;;Inserted
2009-03-31;;;;13,9137;;;Inserted
2009-04-01;;;;13,9137;;;Inserted
2009-04-02;;;;13,9137;;;Inserted
2009-04-03;;;;13,9137;;;Inserted
2009-04-06;;;;13,9137;;;Inserted
2009-04-07;;;;13,9137;;;Inserted
2009-04-08;;;;13,9137;;;Inserted
2009-04-09;;;;13,9137;;;Inserted
2009-04-10;;;;13,9137;;;Inserted
2009-04-13;;;;13,9137;;;Inserted
2009-04-14;;;;13,9137;;;Inserted
2009-04-15;;;;13,9137;;;Inserted
2009-04-16;;;;13,9137;;;Inserted
2009-04-17;;;;13,9137;;;Inserted
2009-04-20;;;;13,9137;;;Inserted
2009-04-21;;;;13,9137;;;Inserted
2009-04-22;;;;13,9137;;;Inserted
2009-04-23;;;;13,9137;;;Inserted
2009-04-24;;;;13,9137;;;Inserted
2009-04-27;;;;13,9137;;;Inserted
2009-04-28;;;;13,9137;;;Inserted
2009-04-29;;;;13,9137;;;Inserted
2009-04-30;;;;13,9137;;;Inserted
2009-05-01;;;;13,9137;;;Inserted
2009-05-04;;;;13,9137;;;Inserted
2009-05-05;;;;13,9137;;;Inserted
2009-05-06;;;;13,9137;;;Inserted
2009-05-07;;;;13,9137;;;Inserted
2009-05-08;;;;13,9137;;;Inserted
2009-05-11;;;;13,9137;;;Inserted
2009-05-12;;;;13,9137;;;Inserted
2009-05-13;;;;13,9137;;;Inserted
2009-05-14;;;;13,9137;;;Inserted
2009-05-15;;;;13,9137;;;Inserted
2009-05-18;;;;13,9137;;;Inserted
2009-05-19;;;;13,9137;;;Inserted
2009-05-20;;;;13,9137;;;Inserted
2009-05-21;;;;13,9137;;;Inserted
2009-05-22;;;;13,9137;;;Inserted
2009-05-25;;;;13,9137;;;Inserted
2009-05-26;;;;13,9137;;;Inserted
2009-05-27;;;;13,9137;;;Inserted
2009-05-28;;;;13,9137;;;Inserted
2009-05-29;;;;13,9137;;;Inserted
2009-06-01;;;;13,9137;;;Inserted
2009-06-02;;;;13,9137;;;Inserted
2009-06-03;;;;13,9137;;;Inserted
2009-06-04;;;;13,9137;;;Inserted
2009-06-05;;;;13,9137;;;Inserted
2009-06-08;;;;13,9137;;;Inserted
2009-06-09;;;;13,9137;;;Inserted
2009-06-10;;;;13,9137;;;Inserted
2009-06-11;;;;13,9137;;;Inserted
2009-06-12;;;;13,9137;;;Inserted
2009-06-15;;;;13,9137;;;Inserted
2009-06-16;;;;13,9137;;;Inserted
2009-06-17;;;;13,9137;;;Inserted
2009-06-18;;;;13,9137;;;Inserted
2009-06-19;;;;13,9137;;;Inserted
2009-06-22;;;;13,9137;;;Inserted
2009-06-23;;;;13,9137;;;Inserted
2009-06-24;;;;13,9137;;;Inserted
2009-06-25;;;;13,9137;;;Inserted
2009-06-26;;;;13,9137;;;Inserted
2009-06-29;;;;13,9137;;;Inserted
2009-06-30;;;;13,9137;;;Inserted
2009-07-01;;;;13,9137;;;Inserted
2009-07-02;;;;13,9137;;;Inserted
2009-07-03;;;;13,9137;;;Inserted
2009-07-06;;;;13,9137;;;Inserted
2009-07-07;;;;13,9137;;;Inserted
2009-07-08;;;;13,9137;;;Inserted
2009-07-09;;;;13,9137;;;Inserted
2009-07-10;;;;13,9137;;;Inserted
2009-07-13;;;;13,9137;;;Inserted
2009-07-14;;;;13,9137;;;Inserted
2009-07-15;;;;13,9137;;;Inserted
2009-07-16;;;;13,9137;;;Inserted
2009-07-17;;;;13,9137;;;Inserted
2009-07-20;;;;13,9137;;;Inserted
2009-07-21;;;;13,9137;;;Inserted
2009-07-22;;;;13,9137;;;Inserted
2009-07-23;;;;13,9137;;;Inserted
2009-07-24;;;;13,9137;;;Inserted
2009-07-27;;;;13,9137;;;Inserted
2009-07-28;;;;13,9137;;;Inserted
2009-07-29;;;;13,9137;;;Inserted
2009-07-30;;;;13,9137;;;Inserted
2009-07-31;;;;13,9137;;;Inserted
2009-08-03;;;;13,9137;;;Inserted
2009-08-04;;;;13,9137;;;Inserted
2009-08-05;;;;13,9137;;;Inserted
2009-08-06;;;;13,9137;;;Inserted
2009-08-07;;;;13,9137;;;Inserted
2009-08-10;;;;13,9137;;;Inserted
2009-08-11;;;;13,9137;;;Inserted
2009-08-12;;;;13,9137;;;Inserted
2009-08-13;;;;13,9137;;;Inserted
2009-08-14;;;;13,9137;;;Inserted
2009-08-17;;;;13,9137;;;Inserted
2009-08-18;;;;13,9137;;;Inserted
2009-08-19;;;;13,9137;;;Inserted
2009-08-20;;;;13,9137;;;Inserted
2009-08-21;;;;13,9137;;;Inserted
2009-08-24;10,46;10,46;10,46;10,46;0;0;
2009-08-25;11,0718;11,0718;11,0718;11,0718;0;0;
2009-08-26;;;;11,0718;;;Inserted
2009-08-27;11,2494;11,2494;11,2494;11,2494;0;0;
2009-08-28;11,2494;11,2494;11,2494;11,2494;0;0;
2009-08-31;11,3974;11,3974;11,3974;11,3974;0;0;
2009-09-01;12,029;12,029;12,029;12,029;0;0;
2009-09-02;11,7428;11,7428;11,7428;11,7428;0;0;
2009-09-03;11,2099;11,2099;11,2099;11,2099;0;0;
2009-09-04;11,2691;11,2691;11,2691;11,2691;0;0;
2009-09-07;12,3349;12,3349;12,3349;12,3349;51;625;
2009-09-08;12,3349;12,3349;12,3349;12,3349;0;0;
2009-09-09;11,8119;11,8119;11,8119;11,8119;0;0;
2009-09-10;11,8809;11,8809;11,8809;11,8809;0;0;
2009-09-11;12,0092;12,0092;12,0092;12,0092;0;0;
2009-09-14;12,0882;12,0882;12,0882;12,0882;0;0;
2009-09-15;11,9204;11,9204;11,9204;11,9204;0;0;
2009-09-16;11,9895;11,9895;11,9895;11,9895;0;0;
2009-09-17;12,3941;12,3941;12,3941;12,3941;0;0;
2009-09-18;12,6309;12,6309;12,6309;12,6309;0;0;
2009-09-21;12,5224;12,5224;12,5224;12,5224;0;0;
2009-09-22;12,5026;12,5026;12,5026;12,5026;0;0;
2009-09-23;12,4928;12,4928;12,4928;12,4928;0;0;
2009-09-24;12,3941;12,3941;12,3941;12,3941;0;0;
2009-09-25;12,0783;12,0783;12,0783;12,0783;0;0;
2009-09-28;;;;12,0783;;;Inserted
2009-09-29;11,7132;11,7132;11,7132;11,7132;0;0;
2009-09-30;12,0191;12,0191;12,0191;12,0191;0;0;
2009-10-01;11,6441;11,6441;11,6441;11,6441;0;0;
2009-10-02;11,2395;11,2395;11,2395;11,2395;0;0;
2009-10-05;10,8053;10,8053;10,8053;10,8053;0;0;
2009-10-06;10,9632;10,9632;10,9632;10,9632;0;0;
2009-10-07;11,4073;11,4073;11,4073;11,4073;0;0;
2009-10-08;11,3283;11,3283;11,3283;11,3283;0;0;
2009-10-09;11,4073;11,4073;11,4073;11,4073;0;0;
2009-10-12;11,654;11,654;11,654;11,654;0;0;
2009-10-13;11,8415;11,8415;11,8415;11,8415;0;0;
2009-10-14;12,029;12,029;12,029;12,029;0;0;
2009-10-15;12,0684;12,0684;12,0684;12,0684;0;0;
2009-10-16;12,2362;12,2362;12,2362;12,2362;0;0;
2009-10-19;11,9204;11,9204;11,9204;11,9204;0;0;
2009-10-20;12,3941;12,3941;12,3941;12,3941;0;0;
2009-10-21;12,5618;12,5618;12,5618;12,5618;0;0;
2009-10-22;12,6309;12,6309;12,6309;12,6309;0;0;
2009-10-23;12,4829;12,4829;12,4829;12,4829;0;0;
2009-10-26;;;;12,4829;;;Inserted
2009-10-27;12,7987;12,7987;12,7987;12,7987;0;0;
2009-10-28;12,4632;12,4632;12,4632;12,4632;0;0;
2009-10-29;12,4336;12,4336;12,4336;12,4336;0;0;
2009-10-30;12,1276;12,1276;12,1276;12,1276;0;0;
2009-11-02;12,2855;12,2855;12,2855;12,2855;0;0;
2009-11-03;;;;12,2855;;;Inserted
2009-11-04;12,3645;12,3645;12,3645;12,3645;0;0;
2009-11-05;;;;12,3645;;;Inserted
2009-11-06;12,3645;12,3645;12,3645;12,3645;0;0;
2009-11-09;12,6013;12,6013;12,6013;12,6013;0;0;
2009-11-10;;;;12,6013;;;Inserted
2009-11-11;12,6605;12,6605;12,6605;12,6605;0;0;
2009-11-12;13,1243;13,1243;13,1243;13,1243;0;0;
2009-11-13;;;;13,1243;;;Inserted
2009-11-16;;;;13,1243;;;Inserted
2009-11-17;;;;13,1243;;;Inserted
2009-11-18;;;;13,1243;;;Inserted
2009-11-19;;;;13,1243;;;Inserted
2009-11-20;;;;13,1243;;;Inserted
2009-11-23;;;;13,1243;;;Inserted
2009-11-24;;;;13,1243;;;Inserted
2009-11-25;;;;13,1243;;;Inserted
2009-11-26;;;;13,1243;;;Inserted
2009-11-27;;;;13,1243;;;Inserted
2009-11-30;;;;13,1243;;;Inserted
2009-12-01;;;;13,1243;;;Inserted
2009-12-02;;;;13,1243;;;Inserted
2009-12-03;;;;13,1243;;;Inserted
2009-12-04;;;;13,1243;;;Inserted
2009-12-07;;;;13,1243;;;Inserted
2009-12-08;;;;13,1243;;;Inserted
2009-12-09;;;;13,1243;;;Inserted
2009-12-10;;;;13,1243;;;Inserted
2009-12-11;;;;13,1243;;;Inserted
2009-12-14;;;;13,1243;;;Inserted
2009-12-15;;;;13,1243;;;Inserted
2009-12-16;;;;13,1243;;;Inserted
2009-12-17;;;;13,1243;;;Inserted
2009-12-18;;;;13,1243;;;Inserted
2009-12-21;;;;13,1243;;;Inserted
2009-12-22;;;;13,1243;;;Inserted
2009-12-23;;;;13,1243;;;Inserted
2009-12-24;;;;13,1243;;;Inserted
2009-12-25;;;;13,1243;;;Inserted
2009-12-28;;;;13,1243;;;Inserted
2009-12-29;;;;13,1243;;;Inserted
2009-12-30;;;;13,1243;;;Inserted
2009-12-31;;;;13,1243;;;Inserted
2010-01-01;;;;13,1243;;;Inserted
2010-01-04;;;;13,1243;;;Inserted
2010-01-05;;;;13,1243;;;Inserted
2010-01-06;;;;13,1243;;;Inserted
2010-01-07;;;;13,1243;;;Inserted
2010-01-08;;;;13,1243;;;Inserted
2010-01-11;;;;13,1243;;;Inserted
2010-01-12;;;;13,1243;;;Inserted
2010-01-13;;;;13,1243;;;Inserted
2010-01-14;;;;13,1243;;;Inserted
2010-01-15;;;;13,1243;;;Inserted
2010-01-18;;;;13,1243;;;Inserted
2010-01-19;;;;13,1243;;;Inserted
2010-01-20;;;;13,1243;;;Inserted
2010-01-21;;;;13,1243;;;Inserted
2010-01-22;;;;13,1243;;;Inserted
2010-01-25;;;;13,1243;;;Inserted
2010-01-26;;;;13,1243;;;Inserted
2010-01-27;;;;13,1243;;;Inserted
2010-01-28;15,3248;15,3248;15,3248;15,3248;111;1.708;
2010-01-29;;;;15,3248;;;Inserted
2010-02-01;;;;15,3248;;;Inserted
2010-02-02;;;;15,3248;;;Inserted
2010-02-03;;;;15,3248;;;Inserted
2010-02-04;;;;15,3248;;;Inserted
2010-02-05;;;;15,3248;;;Inserted
2010-02-08;;;;15,3248;;;Inserted
2010-02-09;;;;15,3248;;;Inserted
2010-02-10;;;;15,3248;;;Inserted
2010-02-11;;;;15,3248;;;Inserted
2010-02-12;;;;15,3248;;;Inserted
2010-02-15;;;;15,3248;;;Inserted
2010-02-16;;;;15,3248;;;Inserted
2010-02-17;;;;15,3248;;;Inserted
2010-02-18;;;;15,3248;;;Inserted
2010-02-19;;;;15,3248;;;Inserted
2010-02-22;;;;15,3248;;;Inserted
2010-02-23;;;;15,3248;;;Inserted
2010-02-24;;;;15,3248;;;Inserted
2010-02-25;;;;15,3248;;;Inserted
2010-02-26;;;;15,3248;;;Inserted
2010-03-01;;;;15,3248;;;Inserted
2010-03-02;;;;15,3248;;;Inserted
2010-03-03;;;;15,3248;;;Inserted
2010-03-04;;;;15,3248;;;Inserted
2010-03-05;;;;15,3248;;;Inserted
2010-03-08;;;;15,3248;;;Inserted
2010-03-09;;;;15,3248;;;Inserted
2010-03-10;;;;15,3248;;;Inserted
2010-03-11;;;;15,3248;;;Inserted
2010-03-12;;;;15,3248;;;Inserted
2010-03-15;;;;15,3248;;;Inserted
2010-03-16;;;;15,3248;;;Inserted
2010-03-17;;;;15,3248;;;Inserted
2010-03-18;;;;15,3248;;;Inserted
2010-03-19;;;;15,3248;;;Inserted
2010-03-22;;;;15,3248;;;Inserted
2010-03-23;;;;15,3248;;;Inserted
2010-03-24;;;;15,3248;;;Inserted
2010-03-25;;;;15,3248;;;Inserted
2010-03-26;;;;15,3248;;;Inserted
2010-03-29;;;;15,3248;;;Inserted
2010-03-30;;;;15,3248;;;Inserted
2010-03-31;;;;15,3248;;;Inserted
2010-04-01;;;;15,3248;;;Inserted
2010-04-02;;;;15,3248;;;Inserted
2010-04-05;;;;15,3248;;;Inserted
2010-04-06;;;;15,3248;;;Inserted
2010-04-07;;;;15,3248;;;Inserted
2010-04-08;;;;15,3248;;;Inserted
2010-04-09;;;;15,3248;;;Inserted
2010-04-12;;;;15,3248;;;Inserted
2010-04-13;;;;15,3248;;;Inserted
2010-04-14;;;;15,3248;;;Inserted
2010-04-15;;;;15,3248;;;Inserted
2010-04-16;;;;15,3248;;;Inserted
2010-04-19;;;;15,3248;;;Inserted
2010-04-20;;;;15,3248;;;Inserted
2010-04-21;;;;15,3248;;;Inserted
2010-04-22;;;;15,3248;;;Inserted
2010-04-23;;;;15,3248;;;Inserted
2010-04-26;;;;15,3248;;;Inserted
2010-04-27;;;;15,3248;;;Inserted
2010-04-28;;;;15,3248;;;Inserted
2010-04-29;;;;15,3248;;;Inserted
2010-04-30;;;;15,3248;;;Inserted
2010-05-03;;;;15,3248;;;Inserted
2010-05-04;;;;15,3248;;;Inserted
2010-05-05;;;;15,3248;;;Inserted
2010-05-06;;;;15,3248;;;Inserted
2010-05-07;;;;15,3248;;;Inserted
2010-05-10;;;;15,3248;;;Inserted
2010-05-11;;;;15,3248;;;Inserted
2010-05-12;;;;15,3248;;;Inserted
2010-05-13;;;;15,3248;;;Inserted
2010-05-14;;;;15,3248;;;Inserted
2010-05-17;;;;15,3248;;;Inserted
2010-05-18;;;;15,3248;;;Inserted
2010-05-19;;;;15,3248;;;Inserted
2010-05-20;;;;15,3248;;;Inserted
2010-05-21;;;;15,3248;;;Inserted
2010-05-24;;;;15,3248;;;Inserted
2010-05-25;;;;15,3248;;;Inserted
2010-05-26;;;;15,3248;;;Inserted
2010-05-27;;;;15,3248;;;Inserted
2010-05-28;;;;15,3248;;;Inserted
2010-05-31;;;;15,3248;;;Inserted
2010-06-01;;;;15,3248;;;Inserted
2010-06-02;;;;15,3248;;;Inserted
2010-06-03;;;;15,3248;;;Inserted
2010-06-04;;;;15,3248;;;Inserted
2010-06-07;;;;15,3248;;;Inserted
2010-06-08;;;;15,3248;;;Inserted
2010-06-09;;;;15,3248;;;Inserted
2010-06-10;;;;15,3248;;;Inserted
2010-06-11;;;;15,3248;;;Inserted
2010-06-14;;;;15,3248;;;Inserted
2010-06-15;;;;15,3248;;;Inserted
2010-06-16;;;;15,3248;;;Inserted
2010-06-17;;;;15,3248;;;Inserted
2010-06-18;;;;15,3248;;;Inserted
2010-06-21;;;;15,3248;;;Inserted
2010-06-22;;;;15,3248;;;Inserted
2010-06-23;;;;15,3248;;;Inserted
2010-06-24;;;;15,3248;;;Inserted
2010-06-25;;;;15,3248;;;Inserted
2010-06-28;;;;15,3248;;;Inserted
2010-06-29;;;;15,3248;;;Inserted
2010-06-30;;;;15,3248;;;Inserted
2010-07-01;;;;15,3248;;;Inserted
2010-07-02;;;;15,3248;;;Inserted
2010-07-05;;;;15,3248;;;Inserted
2010-07-06;;;;15,3248;;;Inserted
2010-07-07;;;;15,3248;;;Inserted
2010-07-08;;;;15,3248;;;Inserted
2010-07-09;;;;15,3248;;;Inserted
2010-07-12;;;;15,3248;;;Inserted
2010-07-13;;;;15,3248;;;Inserted
2010-07-14;;;;15,3248;;;Inserted
2010-07-15;;;;15,3248;;;Inserted
2010-07-16;;;;15,3248;;;Inserted
2010-07-19;;;;15,3248;;;Inserted
2010-07-20;;;;15,3248;;;Inserted
2010-07-21;;;;15,3248;;;Inserted
2010-07-22;;;;15,3248;;;Inserted
2010-07-23;;;;15,3248;;;Inserted
2010-07-26;;;;15,3248;;;Inserted
2010-07-27;;;;15,3248;;;Inserted
2010-07-28;;;;15,3248;;;Inserted
2010-07-29;;;;15,3248;;;Inserted
2010-07-30;;;;15,3248;;;Inserted
2010-08-02;;;;15,3248;;;Inserted
2010-08-03;;;;15,3248;;;Inserted
2010-08-04;;;;15,3248;;;Inserted
2010-08-05;;;;15,3248;;;Inserted
2010-08-06;;;;15,3248;;;Inserted
2010-08-09;;;;15,3248;;;Inserted
2010-08-10;;;;15,3248;;;Inserted
2010-08-11;;;;15,3248;;;Inserted
2010-08-12;;;;15,3248;;;Inserted
2010-08-13;;;;15,3248;;;Inserted
2010-08-16;;;;15,3248;;;Inserted
2010-08-17;;;;15,3248;;;Inserted
2010-08-18;;;;15,3248;;;Inserted
2010-08-19;;;;15,3248;;;Inserted
2010-08-20;;;;15,3248;;;Inserted
2010-08-23;;;;15,3248;;;Inserted
2010-08-24;;;;15,3248;;;Inserted
2010-08-25;;;;15,3248;;;Inserted
2010-08-26;;;;15,3248;;;Inserted
2010-08-27;;;;15,3248;;;Inserted
2010-08-30;;;;15,3248;;;Inserted
2010-08-31;;;;15,3248;;;Inserted
2010-09-01;;;;15,3248;;;Inserted
2010-09-02;;;;15,3248;;;Inserted
2010-09-03;;;;15,3248;;;Inserted
2010-09-06;;;;15,3248;;;Inserted
2010-09-07;;;;15,3248;;;Inserted
2010-09-08;;;;15,3248;;;Inserted
2010-09-09;;;;15,3248;;;Inserted
2010-09-10;;;;15,3248;;;Inserted
2010-09-13;;;;15,3248;;;Inserted
2010-09-14;;;;15,3248;;;Inserted
2010-09-15;;;;15,3248;;;Inserted
2010-09-16;;;;15,3248;;;Inserted
2010-09-17;;;;15,3248;;;Inserted
2010-09-20;;;;15,3248;;;Inserted
2010-09-21;;;;15,3248;;;Inserted
2010-09-22;;;;15,3248;;;Inserted
2010-09-23;;;;15,3248;;;Inserted
2010-09-24;;;;15,3248;;;Inserted
2010-09-27;;;;15,3248;;;Inserted
2010-09-28;;;;15,3248;;;Inserted
2010-09-29;;;;15,3248;;;Inserted
2010-09-30;;;;15,3248;;;Inserted
2010-10-01;;;;15,3248;;;Inserted
2010-10-04;;;;15,3248;;;Inserted
2010-10-05;;;;15,3248;;;Inserted
2010-10-06;;;;15,3248;;;Inserted
2010-10-07;;;;15,3248;;;Inserted
2010-10-08;;;;15,3248;;;Inserted
2010-10-11;;;;15,3248;;;Inserted
2010-10-12;;;;15,3248;;;Inserted
2010-10-13;;;;15,3248;;;Inserted
2010-10-14;;;;15,3248;;;Inserted
2010-10-15;;;;15,3248;;;Inserted
2010-10-18;;;;15,3248;;;Inserted
2010-10-19;;;;15,3248;;;Inserted
2010-10-20;;;;15,3248;;;Inserted
2010-10-21;;;;15,3248;;;Inserted
2010-10-22;;;;15,3248;;;Inserted
2010-10-25;;;;15,3248;;;Inserted
2010-10-26;;;;15,3248;;;Inserted
2010-10-27;;;;15,3248;;;Inserted
2010-10-28;;;;15,3248;;;Inserted
2010-10-29;;;;15,3248;;;Inserted
2010-11-01;;;;15,3248;;;Inserted
2010-11-02;;;;15,3248;;;Inserted
2010-11-03;;;;15,3248;;;Inserted
2010-11-04;;;;15,3248;;;Inserted
2010-11-05;17,4662;17,4662;17,4662;17,4662;30;531;
